"weeksábado" "weekterça" "no2_11" "weeksábado:no_7" "weeksegunda:no_9" "weeksegunda:no_10" "weekquarta:no_11" "weeksábado:no_13" "weeksegunda:no_13" "weeksábado:no2_8" "weekquinta:no2_9" "weeksegunda:no2_10" "weeksábado:no2_11" "weeksegunda:no2_11" "weeksábado:no2_12" "weekquarta:no2_13" "weeksábado:CO_7" "weeksexta:CO_7" "weekquinta:CO_8" "weeksábado:CO_8" "weekquarta:CO_9" "weeksegunda:CO_9" "weekterça:CO_9" "weekquarta:CO_10" "weeksábado:CO_10" "weeksexta:CO_10" "weekquarta:CO_11" "weekquinta:CO_11" "weekterça:CO_11" "weeksegunda:CO_12" "weekterça:CO_12" "weekquinta:CO_13" "weeksábado:CO_13" "weeksexta:CO_13" "weekterça:CO_13" "seasonFall" "seasonFall:Tem" "seasonWinter:Tem" "seasonSpring:Tem" "seasonFall:WS" "seasonSpring:WS" "ONI:seasonFall" "ONI:seasonWinter"
0 0 0.24783456064853 0 0 0 0 0 0 0 0 0 0 0 0 0 0 -0.980709834686852 0 0 0 0 0 0 0 -0.482889594848292 0 0 0 0 0 0 0 0.129906094365507 0 0 0 0 0 0 0 0 0
1 0 0.24783456064853 -0.192661334555045 0 0 0 -0.0493384954221666 0 0.0221691113141187 0 0 0.24783456064853 0 0.256268279039089 0 -0.117725222276976 0 0 0.454354374464148 0 0 0 0 1.32719056448727 0 0 0 0 0 0 0 -0.132279486351652 0 0 0 0 0 0 0 0 0 0
0 0 0.24783456064853 0 0 0 0 0 0 0 0 0 0 0 0 0 0 0 0 0 0 0 0 0 0 0 0 0 0 0 0 0 0 0 0 0 0 0 0 0 0 0 0
0 0 0.24783456064853 0 -0.0683290635760459 -0.0527014858776145 0 0 -0.0493384954221666 0 0 0.114245088307253 0 0.24783456064853 0 0 0 0 0 0 0 2.33706926248315 0 0 0 0 0 0 0 0.207516184832782 0 0 0 0 0 0 0 0 0 0 0 0 0
0 1 0.24783456064853 0 0 0 0 0 0 0 0 0 0 0 0 0 0 0 0 0 0 0 -1.47340802111486 0 0 0 0 0 -0.340667418314429 0 4.00950359247796 0 0 0 1.23644254732778 0 0 0 0 0 0 0 0
0 0 0.24783456064853 0 0 0 -0.0191073964814389 0 0 0 0 0 0 0 0 0.212810798322569 0 0 0 0 -1.25859537865892 0 0 8.76972626135947 0 0 6.68017083935144 0 0 0 0 0 0 0 0 0 0 0 0 0 0 0 0
0 0 0.24783456064853 0 0 0 0 0 0 0 0.0810033783897143 0 0 0 0 0 0 0 -0.0312193103501634 0 0 0 0 0 0 0 0 -0.0608823407782146 0 0 0 -0.0168900021922048 0 0 0 0 0 0 0 0 0 0 0
0 0 0.24783456064853 0 0 0 0 0 0 0 0 0 0 0 0 0 0 -0.325402079701207 0 0 0 0 0 0 0 0.0867799378509504 0 0 0 0 0 0 0 0.294989585484234 0 0 0 0 0 0 0 0 0
1 0 0.24783456064853 -0.192661334555045 0 0 0 -0.0493384954221666 0 0.0221691113141187 0 0 0.24783456064853 0 0.256268279039089 0 -0.664666636555506 0 0 -0.285709363972829 0 0 0 0 0.937723352713854 0 0 0 0 0 0 0 -0.461353200436001 0 0 0 0 0 0 0 0 0 0
0 0 0.24783456064853 0 0 0 0 0 0 0 0 0 0 0 0 0 0 0 0 0 0 0 0 0 0 0 0 0 0 0 0 0 0 0 0 0 0 0 0 0 0 0 0
0 0 0.24783456064853 0 -0.0683290635760459 -0.0527014858776145 0 0 -0.0493384954221666 0 0 0.114245088307253 0 0.24783456064853 0 0 0 0 0 0 0 -0.0429551514051819 0 0 0 0 0 0 0 0.26102166157216 0 0 0 0 0 0 0 0 0 0 0 0 0
0 1 0.24783456064853 0 0 0 0 0 0 0 0 0 0 0 0 0 0 0 0 0 0 0 0.329452018718301 0 0 0 0 0 1.19322847307 0 2.32272545555972 0 0 0 0.716543846519802 0 0 0 0 0 0 0 0
0 0 0.24783456064853 0 0 0 -0.0191073964814389 0 0 0 0 0 0 0 0 0.212810798322569 0 0 0 0 0.875115284476294 0 0 1.00591968015405 0 0 1.40505388573625 0 0 0 0 0 0 0 0 0 0 0 0 0 0 0 0
0 0 0.24783456064853 0 0 0 0 0 0 0 0.0810033783897143 0 0 0 0 0 0 0 0.771436883576508 0 0 0 0 0 0 0 0 -0.0417279151647772 0 0 0 0.111668393811451 0 0 0 0 0 0 0 0 0 0 0
0 0 0.24783456064853 0 0 0 0 0 0 0 0 0 0 0 0 0 0 -0.0206407181607516 0 0 0 0 0 0 0 0.297411632729519 0 0 0 0 0 0 0 0.333999380947268 0 0 0 0 0 0 0 0 0
1 0 0.24783456064853 -0.192661334555045 0 0 0 -0.0493384954221666 0 0.0221691113141187 0 0 0.24783456064853 0 0.256268279039089 0 -0.105178605799215 0 0 0.635206245157761 0 0 0 0 0.673210804193194 0 0 0 0 0 0 0 0.274863512665725 0 0 0 0 0 0 0 0 0 0
0 0 0.24783456064853 0 0 0 0 0 0 0 0 0 0 0 0 0 0 0 0 0 0 0 0 0 0 0 0 0 0 0 0 0 0 0 0 0 0 0 0 0 0 0 0
0 0 0.24783456064853 0 -0.0683290635760459 -0.0527014858776145 0 0 -0.0493384954221666 0 0 0.114245088307253 0 0.24783456064853 0 0 0 0 0 0 0 -0.399077850290291 0 0 0 0 0 0 0 0.695262593785852 0 0 0 0 0 0 0 0 0 0 0 0 0
0 1 0.24783456064853 0 0 0 0 0 0 0 0 0 0 0 0 0 0 0 0 0 0 0 -0.0764139556982361 0 0 0 0 0 0.174604421175221 0 0.326478723601824 0 0 0 0.142478678126205 0 0 0 0 0 0 0 0
0 0 0.24783456064853 0 0 0 -0.0191073964814389 0 0 0 0 0 0 0 0 0.212810798322569 0 0 0 0 2.29844925965553 0 0 2.84981025499266 0 0 0.904903961204574 0 0 0 0 0 0 0 0 0 0 0 0 0 0 0 0
0 0 0.24783456064853 0 0 0 0 0 0 0 0.0810033783897143 0 0 0 0 0 0 0 0.489507840362421 0 0 0 0 0 0 0 0 0.71757012060752 0 0 0 0.306170737050072 0 0 0 0 0 0 0 0 0 0 0
0 0 0.24783456064853 0 0 0 0 0 0 0 0 0 0 0 0 0 0 0.990171367426617 0 0 0 0 0 0 0 0.46516884326805 0 0 0 0 0 0 0 0.869651081961342 0 0 0 0 0 0 0 0 0
1 0 0.24783456064853 -0.192661334555045 0 0 0 -0.0493384954221666 0 0.0221691113141187 0 0 0.24783456064853 0 0.256268279039089 0 -0.434173149972121 0 0 -0.815027636027137 0 0 0 0 -1.20808703886156 0 0 0 0 0 0 0 -0.820591176744633 0 0 0 0 0 0 0 0 0 0
0 0 0.24783456064853 0 0 0 0 0 0 0 0 0 0 0 0 0 0 0 0 0 0 0 0 0 0 0 0 0 0 0 0 0 0 0 0 0 0 0 0 0 0 0 0
0 0 0.24783456064853 0 -0.0683290635760459 -0.0527014858776145 0 0 -0.0493384954221666 0 0 0.114245088307253 0 0.24783456064853 0 0 0 0 0 0 0 0.739695780881779 0 0 0 0 0 0 0 0.400135694415616 0 0 0 0 0 0 0 0 0 0 0 0 0
0 1 0.24783456064853 0 0 0 0 0 0 0 0 0 0 0 0 0 0 0 0 0 0 0 0.739695780881779 0 0 0 0 0 0.407374947090119 0 0.400135694415616 0 0 0 0.387281109587434 0 0 0 0 0 0 0 0
0 0 0.24783456064853 0 0 0 -0.0191073964814389 0 0 0 0 0 0 0 0 0.212810798322569 0 0 0 0 0.739695780881779 0 0 0.510143620886704 0 0 0.407374947090119 0 0 0 0 0 0 0 0 0 0 0 0 0 0 0 0
0 0 0.24783456064853 0 0 0 0 0 0 0 0.0810033783897143 0 0 0 0 0 0 0 0.587446296205635 0 0 0 0 0 0 0 0 0.407374947090119 0 0 0 0.387281109587434 0 0 0 0 0 0 0 0 0 0 0
0 0 0.24783456064853 0 0 0 0 0 0 0 0 0 0 0 0 0 0 -0.219362933985936 0 0 0 0 0 0 0 0.688101774425387 0 0 0 0 0 0 0 -0.143609719938368 0 0 0 0 0 0 0 0 0
1 0 0.24783456064853 -0.192661334555045 0 0 0 -0.0493384954221666 0 0.0221691113141187 0 0 0.24783456064853 0 0.256268279039089 0 -0.554428421615823 0 0 -0.420800363846245 0 0 0 0 -0.461164604461227 0 0 0 0 0 0 0 -0.38765698811539 0 0 0 0 0 0 0 0 0 0
0 0 0.24783456064853 0 0 0 0 0 0 0 0 0 0 0 0 0 0 0 0 0 0 0 0 0 0 0 0 0 0 0 0 0 0 0 0 0 0 0 0 0 0 0 0
0 0 0.24783456064853 0 -0.0683290635760459 -0.0527014858776145 0 0 -0.0493384954221666 0 0 0.114245088307253 0 0.24783456064853 0 0 0 0 0 0 0 0.263869202856651 0 0 0 0 0 0 0 0.0166228086685064 0 0 0 0 0 0 0 0 0 0 0 0 0
0 1 0.24783456064853 0 0 0 0 0 0 0 0 0 0 0 0 0 0 0 0 0 0 0 0.324646764910257 0 0 0 0 0 1.06442533860441 0 -0.016908027840349 0 0 0 0.0838397499142547 0 0 0 0 0 0 0 0
0 0 0.24783456064853 0 0 0 -0.0191073964814389 0 0 0 0 0 0 0 0 0.212810798322569 0 0 0 0 0.353567273940157 0 0 0.386038083580064 0 0 0.216530671666553 0 0 0 0 0 0 0 0 0 0 0 0 0 0 0 0
0 0 0.24783456064853 0 0 0 0 0 0 0 0.0810033783897143 0 0 0 0 0 0 0 0.274642142315865 0 0 0 0 0 0 0 0 0.620434055112751 0 0 0 0.029126648252088 0 0 0 0 0 0 0 0 0 0 0
0 0 0.24783456064853 0 0 0 0 0 0 0 0 0 0 0 0 0 0 -0.137911109271438 0 0 0 0 0 0 0 0.01426738715505 0 0 0 0 0 0 0 0.101729592419595 0 0 0 0 0 0 0 0 0
1 0 0.24783456064853 -0.192661334555045 0 0 0 -0.0493384954221666 0 0.0221691113141187 0 0 0.24783456064853 0 0.256268279039089 0 -0.696286133727283 0 0 -0.560099259887037 0 0 0 0 -0.274559885706101 0 0 0 0 0 0 0 -0.413299095706378 0 0 0 0 0 0 0 0 0 0
0 0 0.24783456064853 0 0 0 0 0 0 0 0 0 0 0 0 0 0 0 0 0 0 0 0 0 0 0 0 0 0 0 0 0 0 0 0 0 0 0 0 0 0 0 0
0 0 0.24783456064853 0 -0.0683290635760459 -0.0527014858776145 0 0 -0.0493384954221666 0 0 0.114245088307253 0 0.24783456064853 0 0 0 0 0 0 0 -0.849436915522059 0 0 0 0 0 0 0 -0.243545497048718 0 0 0 0 0 0 0 0 0 0 0 0 0
0 1 0.24783456064853 0 0 0 0 0 0 0 0 0 0 0 0 0 0 0 0 0 0 0 -1.06772001906158 0 0 0 0 0 -0.610549124093852 0 -0.575091326027368 0 0 0 -0.562629586619013 0 0 0 0 0 0 0 0
0 0 0.24783456064853 0 0 0 -0.0191073964814389 0 0 0 0 0 0 0 0 0.212810798322569 0 0 0 0 -0.550443345243707 0 0 -0.452172472678501 0 0 -0.199055132355023 0 0 0 0 0 0 0 0 0 0 0 0 0 0 0 0
0 0 0.24783456064853 0 0 0 0 0 0 0 0.0810033783897143 0 0 0 0 0 0 0 0.767228987409133 0 0 0 0 0 0 0 0 1.58117971877621 0 0 0 1.28688196439145 0 0 0 0 0 0 0 0 0 0 0
0 0 0.24783456064853 0 0 0 0 0 0 0 0 0 0 0 0 0 0 2.27549127966048 0 0 0 0 0 0 0 0.449054943113406 0 0 0 0 0 0 0 -0.176855010594126 0 0 0 0 0 0 0 0 0
1 0 0.24783456064853 -0.192661334555045 0 0 0 -0.0493384954221666 0 0.0221691113141187 0 0 0.24783456064853 0 0.256268279039089 0 -0.745157228555982 0 0 -0.259059354912791 0 0 0 0 -0.0545044367192366 0 0 0 0 0 0 0 -0.547621996517311 0 0 0 0 0 0 0 0 0 0
0 0 0.24783456064853 0 0 0 0 0 0 0 0 0 0 0 0 0 0 0 0 0 0 0 0 0 0 0 0 0 0 0 0 0 0 0 0 0 0 0 0 0 0 0 0
0 0 0.24783456064853 0 -0.0683290635760459 -0.0527014858776145 0 0 -0.0493384954221666 0 0 0.114245088307253 0 0.24783456064853 0 0 0 0 0 0 0 0.0126612121138568 0 0 0 0 0 0 0 0.354089098878918 0 0 0 0 0 0 0 0 0 0 0 0 0
0 1 0.24783456064853 0 0 0 0 0 0 0 0 0 0 0 0 0 0 0 0 0 0 0 0.573541114930658 0 0 0 0 0 1.19310986981543 0 0.693657982797805 0 0 0 0.378972457245416 0 0 0 0 0 0 0 0
0 0 0.24783456064853 0 0 0 -0.0191073964814389 0 0 0 0 0 0 0 0 0.212810798322569 0 0 0 0 0.222668600761747 0 0 0.275830516450977 0 0 0.476331100807324 0 0 0 0 0 0 0 0 0 0 0 0 0 0 0 0
0 0 0.24783456064853 0 0 0 0 0 0 0 0.0810033783897143 0 0 0 0 0 0 0 1.16636547178529 0 0 0 0 0 0 0 0 0.455041816611584 0 0 0 0.101332040363921 0 0 0 0 0 0 0 0 0 0 0
0 0 0.24783456064853 0 0 0 0 0 0 0 0 0 0 0 0 0 0 -0.0304048188873964 0 0 0 0 0 0 0 -0.245785064001379 0 0 0 0 0 0 0 0.364561195227225 0 0 0 0 0 0 0 0 0
1 0 0.24783456064853 -0.192661334555045 0 0 0 -0.0493384954221666 0 0.0221691113141187 0 0 0.24783456064853 0 0.256268279039089 0 -0.439131087128655 0 0 -0.593937758233006 0 0 0 0 -0.441957410973324 0 0 0 0 0 0 0 -0.166767127181392 0 0 0 0 0 0 0 0 0 0
0 0 0.24783456064853 0 0 0 0 0 0 0 0 0 0 0 0 0 0 0 0 0 0 0 0 0 0 0 0 0 0 0 0 0 0 0 0 0 0 0 0 0 0 0 0
0 0 0.24783456064853 0 -0.0683290635760459 -0.0527014858776145 0 0 -0.0493384954221666 0 0 0.114245088307253 0 0.24783456064853 0 0 0 0 0 0 0 0.734517117500164 0 0 0 0 0 0 0 0.701625706324661 0 0 0 0 0 0 0 0 0 0 0 0 0
0 1 0.24783456064853 0 0 0 0 0 0 0 0 0 0 0 0 0 0 0 0 0 0 0 0.378928335704838 0 0 0 0 0 -0.0302233994712575 0 -0.144723592750343 0 0 0 -0.0491414127087773 0 0 0 0 0 0 0 0
0 0 0.24783456064853 0 0 0 -0.0191073964814389 0 0 0 0 0 0 0 0 0.212810798322569 0 0 0 0 -0.172341059495874 0 0 -0.169244038266817 0 0 0.194470466316093 0 0 0 0 0 0 0 0 0 0 0 0 0 0 0 0
0 0 0.24783456064853 0 0 0 0 0 0 0 0.0810033783897143 0 0 0 0 0 0 0 0.245274533647731 0 0 0 0 0 0 0 0 0.0636510765227713 0 0 0 0.355616273974555 0 0 0 0 0 0 0 0 0 0 0
0 0 0.24783456064853 0 0 0 0 0 0 0 0 0 0 0 0 0 0 0.262771158889321 0 0 0 0 0 0 0 0.0747664497892286 0 0 0 0 0 0 0 0.239829237759433 0 0 0 0 0 0 0 0 0
1 0 0.24783456064853 -0.192661334555045 0 0 0 -0.0493384954221666 0 0.0221691113141187 0 0 0.24783456064853 0 0.256268279039089 0 -0.679995768784384 0 0 -0.894276347179355 0 0 0 0 -0.226074311133644 0 0 0 0 0 0 0 -0.468956383500771 0 0 0 0 0 0 0 0 0 0
0 0 0.24783456064853 0 0 0 0 0 0 0 0 0 0 0 0 0 0 0 0 0 0 0 0 0 0 0 0 0 0 0 0 0 0 0 0 0 0 0 0 0 0 0 0
0 0 0.24783456064853 0 -0.0683290635760459 -0.0527014858776145 0 0 -0.0493384954221666 0 0 0.114245088307253 0 0.24783456064853 0 0 0 0 0 0 0 -0.158815159888044 0 0 0 0 0 0 0 0.589966914121905 0 0 0 0 0 0 0 0 0 0 0 0 0
0 1 0.24783456064853 0 0 0 0 0 0 0 0 0 0 0 0 0 0 0 0 0 0 0 -0.215766316131539 0 0 0 0 0 8.18050200969189 0 1.28398883215915 0 0 0 8.76841410012491 0 0 0 0 0 0 0 0
0 0 0.24783456064853 0 0 0 -0.0191073964814389 0 0 0 0 0 0 0 0 0.212810798322569 0 0 0 0 5.72281550115897 0 0 2.61745356972703 0 0 -1.07772734385441 0 0 0 0 0 0 0 0 0 0 0 0 0 0 0 0
0 0 0.24783456064853 0 0 0 0 0 0 0 0.0810033783897143 0 0 0 0 0 0 0 0.634329600122891 0 0 0 0 0 0 0 0 0.656726651011896 0 0 0 0.199477704108498 0 0 0 0 0 0 0 0 0 0 0
0 0 0.24783456064853 0 0 0 0 0 0 0 0 0 0 0 0 0 0 0.308960920357852 0 0 0 0 0 0 0 0.203893462189171 0 0 0 0 0 0 0 0.668489741790179 0 0 0 0 0 0 0 0 0
1 0 0.24783456064853 -0.192661334555045 0 0 0 -0.0493384954221666 0 0.0221691113141187 0 0 0.24783456064853 0 0.256268279039089 0 -0.477327439712162 0 0 -0.63023086267661 0 0 0 0 -0.31872923702285 0 0 0 0 0 0 0 -0.175413884392307 0 0 0 0 0 0 0 0 0 0
0 0 0.24783456064853 0 0 0 0 0 0 0 0 0 0 0 0 0 0 0 0 0 0 0 0 0 0 0 0 0 0 0 0 0 0 0 0 0 0 0 0 0 0 0 0
0 0 0.24783456064853 0 -0.0683290635760459 -0.0527014858776145 0 0 -0.0493384954221666 0 0 0.114245088307253 0 0.24783456064853 0 0 0 0 0 0 0 0.739144398944948 0 0 0 0 0 0 0 0.612708125021476 0 0 0 0 0 0 0 0 0 0 0 0 0
0 1 0.24783456064853 0 0 0 0 0 0 0 0 0 0 0 0 0 0 0 0 0 0 0 0.638945958429048 0 0 0 0 0 0.448281431100959 0 -0.0632757522535847 0 0 0 -0.0510297849732299 0 0 0 0 0 0 0 0
0 0 0.24783456064853 0 0 0 -0.0191073964814389 0 0 0 0 0 0 0 0 0.212810798322569 0 0 0 0 1.05397750955352 0 0 0.290074053194814 0 0 0.0986390366216199 0 0 0 0 0 0 0 0 0 0 0 0 0 0 0 0
0 0 0.24783456064853 0 0 0 0 0 0 0 0.0810033783897143 0 0 0 0 0 0 0 0.0867771113432942 0 0 0 0 0 0 0 0 0.886579758373144 0 0 0 1.28459604007133 0 0 0 0 0 0 0 0 0 0 0
0 0 0.24783456064853 0 0 0 0 0 0 0 0 0 0 0 0 0 0 0.219515686758329 0 0 0 0 0 0 0 -0.318153740588756 0 0 0 0 0 0 0 0.645978356637625 0 0 0 0 0 0 0 0 0
1 0 0.24783456064853 -0.192661334555045 0 0 0 -0.0493384954221666 0 0.0221691113141187 0 0 0.24783456064853 0 0.256268279039089 0 -0.106746932858935 0 0 -0.744194717209668 0 0 0 0 -0.470516421515261 0 0 0 0 0 0 0 0.254638051833299 0 0 0 0 0 0 0 0 0 0
0 0 0.24783456064853 0 0 0 0 0 0 0 0 0 0 0 0 0 0 0 0 0 0 0 0 0 0 0 0 0 0 0 0 0 0 0 0 0 0 0 0 0 0 0 0
0 0 0.24783456064853 0 -0.0683290635760459 -0.0527014858776145 0 0 -0.0493384954221666 0 0 0.114245088307253 0 0.24783456064853 0 0 0 0 0 0 0 2.74569380853024 0 0 0 0 0 0 0 -0.91028902828916 0 0 0 0 0 0 0 0 0 0 0 0 0
0 1 0.24783456064853 0 0 0 0 0 0 0 0 0 0 0 0 0 0 0 0 0 0 0 -0.0207975921791973 0 0 0 0 0 -0.360652066709873 0 0.446105239331437 0 0 0 0.60771397127898 0 0 0 0 0 0 0 0
0 0 0.24783456064853 0 0 0 -0.0191073964814389 0 0 0 0 0 0 0 0 0.212810798322569 0 0 0 0 1.5248033965603 0 0 -0.129390910205777 0 0 -1.04013011215497 0 0 0 0 0 0 0 0 0 0 0 0 0 0 0 0
0 0 0.24783456064853 0 0 0 0 0 0 0 0.0810033783897143 0 0 0 0 0 0 0 0.295330965138789 0 0 0 0 0 0 0 0 -0.550950988671237 0 0 0 -0.836294482943766 0 0 0 0 0 0 0 0 0 0 0
0 0 0.24783456064853 0 0 0 0 0 0 0 0 0 0 0 0 0 0 0.223158252832518 0 0 0 0 0 0 0 1.46430258991028 0 0 0 0 0 0 0 -0.313612917746063 0 0 0 0 0 0 0 0 0
1 0 0.24783456064853 -0.192661334555045 0 0 0 -0.0493384954221666 0 0.0221691113141187 0 0 0.24783456064853 0 0.256268279039089 0 0.0992098239191521 0 0 -0.429216156180995 0 0 0 0 0.649111891015488 0 0 0 0 0 0 0 -0.746894964424022 0 0 0 0 0 0 0 0 0 0
0 0 0.24783456064853 0 0 0 0 0 0 0 0 0 0 0 0 0 0 0 0 0 0 0 0 0 0 0 0 0 0 0 0 0 0 0 0 1 -1.33936002044971 0 0 -0.454153807945788 0 1.7 0
0 0 0.24783456064853 0 -0.0683290635760459 -0.0527014858776145 0 0 -0.0493384954221666 0 0 0.114245088307253 0 0.24783456064853 0 0 0 0 0 0 0 0.599169135240231 0 0 0 0 0 0 0 -0.918312083229398 0 0 0 0 0 1 -1.33936002044971 0 0 -0.454153807945788 0 1.7 0
0 1 0.24783456064853 0 0 0 0 0 0 0 0 0 0 0 0 0 0 0 0 0 0 0 0.110546011907365 0 0 0 0 0 -0.10322370266055 0 0.236731171097923 0 0 0 0.319637812936036 1 -1.33936002044971 0 0 -0.454153807945788 0 1.7 0
0 0 0.24783456064853 0 0 0 -0.0191073964814389 0 0 0 0 0 0 0 0 0.212810798322569 0 0 0 0 0.641081626788179 0 0 0.718531148378131 0 0 0.399654096726289 0 0 0 0 0 0 0 0 1 -1.33936002044971 0 0 -0.454153807945788 0 1.7 0
0 0 0.24783456064853 0 0 0 0 0 0 0 0.0810033783897143 0 0 0 0 0 0 0 -0.384857917416589 0 0 0 0 0 0 0 0 0.227797980850928 0 0 0 -0.439835695422633 0 0 0 1 -1.33936002044971 0 0 -0.454153807945788 0 1.7 0
0 0 0.24783456064853 0 0 0 0 0 0 0 0 0 0 0 0 0 0 -0.431188269439105 0 0 0 0 0 0 0 -0.677910948952048 0 0 0 0 0 0 0 -0.703462402341611 0 1 -1.33936002044971 0 0 -0.454153807945788 0 1.7 0
1 0 0.24783456064853 -0.192661334555045 0 0 0 -0.0493384954221666 0 0.0221691113141187 0 0 0.24783456064853 0 0.256268279039089 0 -0.651614108122997 0 0 -1.13999995045332 0 0 0 0 -0.380595103688003 0 0 0 0 0 0 0 -0.545882706273736 0 0 1 -1.33936002044971 0 0 -0.454153807945788 0 1.7 0
0 0 0.24783456064853 0 0 0 0 0 0 0 0 0 0 0 0 0 0 0 0 0 0 0 0 0 0 0 0 0 0 0 0 0 0 0 0 1 -1.33936002044971 0 0 -0.454153807945788 0 1.7 0
0 0 0.24783456064853 0 -0.0683290635760459 -0.0527014858776145 0 0 -0.0493384954221666 0 0 0.114245088307253 0 0.24783456064853 0 0 0 0 0 0 0 -0.0453577783092048 0 0 0 0 0 0 0 0.318787657141872 0 0 0 0 0 1 -1.33936002044971 0 0 -0.454153807945788 0 1.7 0
0 1 0.24783456064853 0 0 0 0 0 0 0 0 0 0 0 0 0 0 0 0 0 0 0 -0.118949350517597 0 0 0 0 0 0.0395746158445807 0 -0.134763938341772 0 0 0 -0.186992588013819 1 -1.33936002044971 0 0 -0.454153807945788 0 1.7 0
0 0 0.24783456064853 0 0 0 -0.0191073964814389 0 0 0 0 0 0 0 0 0.212810798322569 0 0 0 0 0.372254372082553 0 0 0.414669031176262 0 0 0.00227389228157129 0 0 0 0 0 0 0 0 1 -1.33936002044971 0 0 -0.454153807945788 0 1.7 0
0 0 0.24783456064853 0 0 0 0 0 0 0 0.0810033783897143 0 0 0 0 0 0 0 0.137096536344813 0 0 0 0 0 0 0 0 -0.102927194524119 0 0 0 0.475676994788174 0 0 0 1 -1.33936002044971 0 0 -0.454153807945788 0 1.7 0
0 0 0.24783456064853 0 0 0 0 0 0 0 0 0 0 0 0 0 0 1.19339619964906 0 0 0 0 0 0 0 -0.310528412837004 0 0 0 0 0 0 0 -0.199863335816272 0 1 -1.33936002044971 0 0 -0.454153807945788 0 0.99 0
1 0 0.24783456064853 -0.192661334555045 0 0 0 -0.0493384954221666 0 0.0221691113141187 0 0 0.24783456064853 0 0.256268279039089 0 -0.608156271210106 0 0 -1.34785248822092 0 0 0 0 2.4363160670958 0 0 0 0 0 0 0 -1.09142351467271 0 0 1 -1.33936002044971 0 0 -0.454153807945788 0 0.99 0
0 0 0.24783456064853 0 0 0 0 0 0 0 0 0 0 0 0 0 0 0 0 0 0 0 0 0 0 0 0 0 0 0 0 0 0 0 0 1 -1.33936002044971 0 0 -0.454153807945788 0 0.99 0
0 0 0.24783456064853 0 -0.0683290635760459 -0.0527014858776145 0 0 -0.0493384954221666 0 0 0.114245088307253 0 0.24783456064853 0 0 0 0 0 0 0 -0.338300288236685 0 0 0 0 0 0 0 -0.311381809853763 0 0 0 0 0 1 -1.33936002044971 0 0 -0.454153807945788 0 0.99 0
0 1 0.24783456064853 0 0 0 0 0 0 0 0 0 0 0 0 0 0 0 0 0 0 0 0.389250732773972 0 0 0 0 0 0.480363611462785 0 -0.874710929485209 0 0 0 0.458532562387222 1 -1.33936002044971 0 0 -0.454153807945788 0 0.99 0
0 0 0.24783456064853 0 0 0 -0.0191073964814389 0 0 0 0 0 0 0 0 0.212810798322569 0 0 0 0 0.448515529739859 0 0 -0.583169848489249 0 0 -0.720257134573292 0 0 0 0 0 0 0 0 1 -1.33936002044971 0 0 -0.454153807945788 0 0.99 0
0 0 0.24783456064853 0 0 0 0 0 0 0 0.0810033783897143 0 0 0 0 0 0 0 -0.0925844627910404 0 0 0 0 0 0 0 0 0.139853667585518 0 0 0 0.0379224874838804 0 0 0 1 -1.33936002044971 0 0 -0.454153807945788 0 0.99 0
0 0 0.24783456064853 0 0 0 0 0 0 0 0 0 0 0 0 0 0 0.870877328496937 0 0 0 0 0 0 0 0.014914820643406 0 0 0 0 0 0 0 0.1676238456476 0 1 -1.33936002044971 0 0 -0.454153807945788 0 0.99 0
1 0 0.24783456064853 -0.192661334555045 0 0 0 -0.0493384954221666 0 0.0221691113141187 0 0 0.24783456064853 0 0.256268279039089 0 6.6128768325007 0 0 -0.515039705094735 0 0 0 0 0.399849997998331 0 0 0 0 0 0 0 0.0906975228746353 0 0 1 -1.33936002044971 0 0 -0.454153807945788 0 0.99 0
0 0 0.24783456064853 0 0 0 0 0 0 0 0 0 0 0 0 0 0 0 0 0 0 0 0 0 0 0 0 0 0 0 0 0 0 0 0 1 -1.33936002044971 0 0 -0.454153807945788 0 0.99 0
0 0 0.24783456064853 0 -0.0683290635760459 -0.0527014858776145 0 0 -0.0493384954221666 0 0 0.114245088307253 0 0.24783456064853 0 0 0 0 0 0 0 -0.157925298071739 0 0 0 0 0 0 0 -0.211729934354672 0 0 0 0 0 1 -1.33936002044971 0 0 -0.454153807945788 0 0.99 0
0 1 0.24783456064853 0 0 0 0 0 0 0 0 0 0 0 0 0 0 0 0 0 0 0 -1.05615181544962 0 0 0 0 0 -0.161873012046585 0 0.166072956210451 0 0 0 -0.0574900058779363 1 -1.33936002044971 0 0 -0.454153807945788 0 0.99 0
0 0 0.24783456064853 0 0 0 -0.0191073964814389 0 0 0 0 0 0 0 0 0.212810798322569 0 0 0 0 0.739695780881779 0 0 0.510143620886704 0 0 0.407374947090119 0 0 0 0 0 0 0 0 1 -1.33936002044971 0 0 -0.454153807945788 0 0.99 0
0 0 0.24783456064853 0 0 0 0 0 0 0 0.0810033783897143 0 0 0 0 0 0 0 0.587446296205635 0 0 0 0 0 0 0 0 0.407374947090119 0 0 0 0.387281109587434 0 0 0 1 -1.33936002044971 0 0 -0.454153807945788 0 0.99 0
0 0 0.24783456064853 0 0 0 0 0 0 0 0 0 0 0 0 0 0 0.440143890224121 0 0 0 0 0 0 0 0.510143620886704 0 0 0 0 0 0 0 0.172245388294813 0 1 -1.33936002044971 0 0 -0.454153807945788 0 0.99 0
1 0 0.24783456064853 -0.192661334555045 0 0 0 -0.0493384954221666 0 0.0221691113141187 0 0 0.24783456064853 0 0.256268279039089 0 -0.314575563869591 0 0 -0.684144532321095 0 0 0 0 -0.586119267713983 0 0 0 0 0 0 0 -0.554728239512488 0 0 1 -1.33936002044971 0 0 -0.454153807945788 0 0.99 0
0 0 0.24783456064853 0 0 0 0 0 0 0 0 0 0 0 0 0 0 0 0 0 0 0 0 0 0 0 0 0 0 0 0 0 0 0 0 1 -1.33936002044971 0 0 -0.454153807945788 0 0.99 0
0 0 0.24783456064853 0 -0.0683290635760459 -0.0527014858776145 0 0 -0.0493384954221666 0 0 0.114245088307253 0 0.24783456064853 0 0 0 0 0 0 0 -0.122864742509337 0 0 0 0 0 0 0 -0.0838037066179172 0 0 0 0 0 1 -1.33936002044971 0 0 -0.454153807945788 0 0.99 0
0 1 0.24783456064853 0 0 0 0 0 0 0 0 0 0 0 0 0 0 0 0 0 0 0 0.0190682171912498 0 0 0 0 0 -0.888673756066054 0 -0.396979506354091 0 0 0 -0.421250136819863 1 0.831075948137276 0 0 -0.454153807945788 0 0.99 0
0 0 0.24783456064853 0 0 0 -0.0191073964814389 0 0 0 0 0 0 0 0 0.212810798322569 0 0 0 0 0.532251526654124 0 0 -0.311679405705193 0 0 0.0760451166255839 0 0 0 0 0 0 0 0 1 0.816155681447704 0 0 -0.454153807945788 0 0.99 0
0 0 0.24783456064853 0 0 0 0 0 0 0 0.0810033783897143 0 0 0 0 0 0 0 -1.00718822767057 0 0 0 0 0 0 0 0 -0.665521732588144 0 0 0 -0.628921391902692 0 0 0 1 0.726634081310266 0 0 -0.454153807945788 0 0.99 0
0 0 0.24783456064853 0 0 0 0 0 0 0 0 0 0 0 0 0 0 -0.620247566928594 0 0 0 0 0 0 0 -0.646258645076853 0 0 0 0 0 0 0 -0.328073873771213 0 1 0.898217148240354 0 0 -0.454153807945788 0 0.99 0
1 0 0.24783456064853 -0.192661334555045 0 0 0 -0.0493384954221666 0 0.0221691113141187 0 0 0.24783456064853 0 0.256268279039089 0 -0.858936827178905 0 0 -1.0271757344656 0 0 0 0 -0.829194574064626 0 0 0 0 0 0 0 -0.477851610746482 0 0 1 0.890757014895567 0 0 -0.454153807945788 0 0.99 0
0 0 0.24783456064853 0 0 0 0 0 0 0 0 0 0 0 0 0 0 0 0 0 0 0 0 0 0 0 0 0 0 0 0 0 0 0 0 1 0.853456348171636 0 0 -0.454153807945788 0 0.99 0
0 0 0.24783456064853 0 -0.0683290635760459 -0.0527014858776145 0 0 -0.0493384954221666 0 0 0.114245088307253 0 0.24783456064853 0 0 0 0 0 0 0 -0.219236777215127 0 0 0 0 0 0 0 0.0586193514246469 0 0 0 0 0 1 1.05487994848087 0 0 -0.454153807945788 0 0.99 0
0 1 0.24783456064853 0 0 0 0 0 0 0 0 0 0 0 0 0 0 0 0 0 0 0 -0.79177386982552 0 0 0 0 0 -0.405958509956518 0 -0.0516561554435855 0 0 0 0.46628482747287 1 1.40799292680076 0 0 -0.454153807945788 0 0.99 0
0 0 0.24783456064853 0 0 0 -0.0191073964814389 0 0 0 0 0 0 0 0 0.212810798322569 0 0 0 0 -0.682854783509834 0 0 -0.504614585235357 0 0 -0.376366997940712 0 0 0 0 0 0 0 0 1 1.4030195045709 0 0 -0.454153807945788 0 0.99 0
0 0 0.24783456064853 0 0 0 0 0 0 0 0.0810033783897143 0 0 0 0 0 0 0 -1.10484648455505 0 0 0 0 0 0 0 0 -0.917553648554425 0 0 0 -0.585389441806363 0 0 0 1 -0.377465653718117 0 0 -0.454153807945788 0 0.99 0
0 0 0.24783456064853 0 0 0 0 0 0 0 0 0 0 0 0 0 0 -0.74586550529263 0 0 0 0 0 0 0 -1.03730847204403 0 0 0 0 0 0 0 -0.345665552234799 0 1 -1.2652215217477 0 0 -0.454153807945788 0 0.99 0
1 0 0.24783456064853 -0.192661334555045 0 0 0 -0.0493384954221666 0 0.0221691113141187 0 0 0.24783456064853 0 0.256268279039089 0 0.349383285542252 0 0 -0.26081264498253 0 0 0 0 -1.0160870410368 0 0 0 0 0 0 0 -0.64213999775386 0 0 1 0.368547680760521 0 0 -0.454153807945788 0 0.99 0
0 0 0.24783456064853 0 0 0 0 0 0 0 0 0 0 0 0 0 0 0 0 0 0 0 0 0 0 0 0 0 0 0 0 0 0 0 0 1 -0.974276321301027 0 0 -0.454153807945788 0 0.39 0
0 0 0.24783456064853 0 -0.0683290635760459 -0.0527014858776145 0 0 -0.0493384954221666 0 0 0.114245088307253 0 0.24783456064853 0 0 0 0 0 0 0 -1.31011837782296 0 0 0 0 0 0 0 0.00428390348455453 0 0 0 0 0 1 0.196964613830434 0 0 -0.454153807945788 0 0.39 0
0 1 0.24783456064853 0 0 0 0 0 0 0 0 0 0 0 0 0 0 0 0 0 0 0 -0.653578329753412 0 0 0 0 0 0.190615860542491 0 0.0292383709193627 0 0 0 -0.100375933883795 1 0.0776024803138524 0 0 -0.454153807945788 0 0.39 0
0 0 0.24783456064853 0 0 0 -0.0191073964814389 0 0 0 0 0 0 0 0 0.212810798322569 0 0 0 0 0.158242605261292 0 0 -0.225067192373979 0 0 0.201705264845007 0 0 0 0 0 0 0 0 1 0.771394881378986 0 0 -0.454153807945788 0 0.39 0
0 0 0.24783456064853 0 0 0 0 0 0 0 0.0810033783897143 0 0 0 0 0 0 0 0.0328634416988096 0 0 0 0 0 0 0 0 0.0168027909666862 0 0 0 1.20980655959761 0 0 0 1 0.644572614517616 0 0 -0.454153807945788 0 0.39 0
0 0 0.24783456064853 0 0 0 0 0 0 0 0 0 0 0 0 0 0 2.63468876753187 0 0 0 0 0 0 0 2.19187395671418 0 0 0 0 0 0 0 -0.717476112304128 0 1 0.721660659080409 0 0 -0.509880637744249 0 0.39 0
1 0 0.24783456064853 -0.192661334555045 0 0 0 -0.0493384954221666 0 0.0221691113141187 0 0 0.24783456064853 0 0.256268279039089 0 -0.422334810231007 0 0 -0.893487366647973 0 0 0 0 -0.432965279190598 0 0 0 0 0 0 0 0.421361445181682 0 0 1 -1.33936002044971 0 0 -0.454153807945788 0 0.39 0
0 0 0.24783456064853 0 0 0 0 0 0 0 0 0 0 0 0 0 0 0 0 0 0 0 0 0 0 0 0 0 0 0 0 0 0 0 0 1 0.957898214998645 0 0 1.19359928818603 0 0.39 0
0 0 0.24783456064853 0 -0.0683290635760459 -0.0527014858776145 0 0 -0.0493384954221666 0 0 0.114245088307253 0 0.24783456064853 0 0 0 0 0 0 0 0.20211279280511 0 0 0 0 0 0 0 0.375004373136916 0 0 0 0 0 1 0.960384926113574 0 0 0.842087557438514 0 0.39 0
0 1 0.24783456064853 0 0 0 0 0 0 0 0 0 0 0 0 0 0 0 0 0 0 0 0.274636530833937 0 0 0 0 0 -0.0268432067159451 0 -0.220029646361815 0 0 0 0.207080887173268 1 1.37815239342161 0 0 2.32925257213955 0 0.39 0
0 0 0.24783456064853 0 0 0 -0.0191073964814389 0 0 0 0 0 0 0 0 0.212810798322569 0 0 0 0 0.0422046244151701 0 0 1.68874619920711 0 0 1.2361628512252 0 0 0 0 0 0 0 0 1 0.898217148240354 0 0 1.84254402187376 0 0.39 0
0 0 0.24783456064853 0 0 0 0 0 0 0 0.0810033783897143 0 0 0 0 0 0 0 1.89310420569225 0 0 0 0 0 0 0 0 0.0136598047205187 0 0 0 -0.594731915114708 0 0 0 1 0.761448036919269 0 0 -0.239486998707696 0 0.39 0
0 0 0.24783456064853 0 0 0 0 0 0 0 0 0 0 0 0 0 0 -0.715409605616774 0 0 0 0 0 0 0 -1.05148007173361 0 0 0 0 0 0 0 -0.80424184845503 0 1 -0.113874275535664 0 0 2.11293766091031 0 0.39 0
1 0 0.24783456064853 -0.192661334555045 0 0 0 -0.0493384954221666 0 0.0221691113141187 0 0 0.24783456064853 0 0.256268279039089 0 -1.05285287943398 0 0 -1.2255605058566 0 0 0 0 -1.20024589994702 0 0 0 0 0 0 0 -0.990395598524492 0 0 1 -1.33936002044971 0 0 -0.454153807945788 0 0.39 0
0 0 0.24783456064853 0 0 0 0 0 0 0 0 0 0 0 0 0 0 0 0 0 0 0 0 0 0 0 0 0 0 0 0 0 0 0 0 1 -0.61618992075128 0 0 -0.618038093358869 0 0.39 0
0 0 0.24783456064853 0 -0.0683290635760459 -0.0527014858776145 0 0 -0.0493384954221666 0 0 0.114245088307253 0 0.24783456064853 0 0 0 0 0 0 0 -0.435117253850628 0 0 0 0 0 0 0 -0.301477486858572 0 0 0 0 0 1 1.20656932649152 0 0 1.84254402187376 0 0.39 0
0 1 0.24783456064853 0 0 0 0 0 0 0 0 0 0 0 0 0 0 0 0 0 0 0 0.545955398625215 0 0 0 0 0 0.440394314671897 0 1.09204415914064 0 0 0 1.31595295846263 1 0.878323459320924 0 0 0.733930101823893 0 0.39 0
0 0 0.24783456064853 0 0 0 -0.0191073964814389 0 0 0 0 0 0 0 0 0.212810798322569 0 0 0 0 0.288251416623397 0 0 0.018727484519282 0 0 3.47533299592421 0 0 0 0 0 0 0 0 1 0.398388214139666 0 0 -0.0772508152857644 0 0.39 0
0 0 0.24783456064853 0 0 0 0 0 0 0 0.0810033783897143 0 0 0 0 0 0 0 0.823947921165201 0 0 0 0 0 0 0 0 -0.620630400732503 0 0 0 -0.441276821624452 0 0 0 1 -0.501801209464557 0 0 0.598733282305617 0 0.39 0
0 0 0.24783456064853 0 0 0 0 0 0 0 0 0 0 0 0 0 0 -0.278352267909603 0 0 0 0 0 0 0 0.805215298763608 0 0 0 0 0 0 0 1.07717325502329 0 1 0.0825759025437098 0 0 -0.563959365551559 0 0.39 0
1 0 0.24783456064853 -0.192661334555045 0 0 0 -0.0493384954221666 0 0.0221691113141187 0 0 0.24783456064853 0 0.256268279039089 0 -0.246530405955927 0 0 0.0643349984506306 0 0 0 0 -0.49914736911146 0 0 0 0 0 0 0 -0.766424709159019 0 0 1 0.216858302749864 0 0 -1.51033710217949 0 0.39 0
0 0 0.24783456064853 0 0 0 0 0 0 0 0 0 0 0 0 0 0 0 0 0 0 0 0 0 0 0 0 0 0 0 0 0 0 0 0 1 1.00763243729722 0 0 1.24767801599334 0 0.39 0
0 0 0.24783456064853 0 -0.0683290635760459 -0.0527014858776145 0 0 -0.0493384954221666 0 0 0.114245088307253 0 0.24783456064853 0 0 0 0 0 0 0 0.60655498831556 0 0 0 0 0 0 0 -0.0776619197326317 0 0 0 0 0 1 1.47762083801876 0 0 1.13952056037872 0 0.39 0
0 1 0.24783456064853 0 0 0 0 0 0 0 0 0 0 0 0 0 0 0 0 0 0 0 -1.18019855264249 0 0 0 0 0 -0.893951600894524 0 -0.715467121774837 0 0 0 -0.658787490085219 1 -0.606243076291565 0 0 2.00478020529569 0 0.39 0
0 0 0.24783456064853 0 0 0 -0.0191073964814389 0 0 0 0 0 0 0 0 0.212810798322569 0 0 0 0 -1.23163256562489 0 0 -1.1970806695595 0 0 -1.03064185178918 0 0 0 0 0 0 0 0 1 -0.526668320613844 0 0 1.35583547160796 0 0.39 0
0 0 0.24783456064853 0 0 0 0 0 0 0 0.0810033783897143 0 0 0 0 0 0 0 -1.23415162719833 0 0 0 0 0 0 0 0 -0.738699940659295 0 0 0 -1.03646194297574 0 0 0 1 0.256645680588725 0 0 -0.320605090418662 0 0.39 0
0 0 0.24783456064853 0 0 0 0 0 0 0 0 0 0 0 0 0 0 0.139986327471876 0 0 0 0 0 0 0 0.510143620886704 0 0 0 0 0 0 0 -0.90149302007434 0 1 0.259132391703654 0 0 -0.374683818225972 0 0.39 0
1 0 0.24783456064853 -0.192661334555045 0 0 0 -0.0493384954221666 0 0.0221691113141187 0 0 0.24783456064853 0 0.256268279039089 0 -0.0804901024074911 0 0 -0.274312978519524 0 0 0 0 -1.04371086987333 0 0 0 0 0 0 0 0.344037570353043 0 0 1 -0.1859888978686 0 0 0.815048193534859 0 0.39 0
0 0 0.24783456064853 0 0 0 0 0 0 0 0 0 0 0 0 0 0 0 0 0 0 0 0 0 0 0 0 0 0 0 0 0 0 0 0 1 -0.407306187097262 0 0 -0.0231720874784538 0 0.39 0
0 0 0.24783456064853 0 -0.0683290635760459 -0.0527014858776145 0 0 -0.0493384954221666 0 0 0.114245088307253 0 0.24783456064853 0 0 0 0 0 0 0 0.449405391556164 0 0 0 0 0 0 0 0.243260277876875 0 0 0 0 0 1 1.03747297067637 0 0 1.11248119647507 0 0.39 0
0 1 0.24783456064853 0 0 0 0 0 0 0 0 0 0 0 0 0 0 0 0 0 0 0 1.69334322456839 0 0 0 0 0 1.22614087621383 0 0.688788818420281 0 0 0 0.501418490393081 1 0.661979592322118 0 0 1.0313631047641 0 0.39 0
0 0 0.24783456064853 0 0 0 -0.0191073964814389 0 0 0 0 0 0 0 0 0.212810798322569 0 0 0 0 0.314235381659492 0 0 -0.0988176621445094 0 0 0.236633923316569 0 0 0 0 0 0 0 0 1 1.19413577091688 0 0 0.139064095943477 0 0.05 0
0 0 0.24783456064853 0 0 0 0 0 0 0 0.0810033783897143 0 0 0 0 0 0 0 0.617147357439446 0 0 0 0 0 0 0 0 0.905793485613867 0 0 0 0.724047641570653 0 0 0 1 0.405848347484453 0 0 0.274260915461754 0 0.05 0
0 0 0.24783456064853 0 0 0 0 0 0 0 0 0 0 0 0 0 0 -0.417174508292573 0 0 0 0 0 0 0 0.74198262806748 0 0 0 0 0 0 0 0.909754145577481 0 1 0.194477902715505 0 0 -0.482841273840594 0 0.05 0
1 0 0.24783456064853 -0.192661334555045 0 0 0 -0.0493384954221666 0 0.0221691113141187 0 0 0.24783456064853 0 0.256268279039089 0 0.0668820500107273 0 0 1.11692269181865 0 0 0 0 -0.132771951756082 0 0 0 0 0 0 0 -0.361567634461768 0 0 1 0.910650703814997 0 0 -0.699156185069835 0 0.05 0
0 0 0.24783456064853 0 0 0 0 0 0 0 0 0 0 0 0 0 0 0 0 0 0 0 0 0 0 0 0 0 0 0 0 0 0 0 0 1 0.440662303093456 0 0 1.32879610770431 0 0.05 0
0 0 0.24783456064853 0 -0.0683290635760459 -0.0527014858776145 0 0 -0.0493384954221666 0 0 0.114245088307253 0 0.24783456064853 0 0 0 0 0 0 0 0.487491477294001 0 0 0 0 0 0 0 1.02957499343355 0 0 0 0 0 1 1.36571883784697 0 0 0.652812010112927 0 0.05 0
0 1 0.24783456064853 0 0 0 0 0 0 0 0 0 0 0 0 0 0 0 0 0 0 0 0.78381546212344 0 0 0 0 0 0.0125330738020812 0 -0.0677575967374416 0 0 0 -0.0854677317960107 1 -0.606243076291565 0 0 1.13952056037872 0 0.05 0
0 0 0.24783456064853 0 0 0 -0.0191073964814389 0 0 0 0 0 0 0 0 0.212810798322569 0 0 0 0 -1.11470472296247 0 0 -0.690859618719173 0 0 0.407374947090119 0 0 0 0 0 0 0 0 1 -0.780312854336581 0 0 0.571693918401962 0 0.05 0
0 0 0.24783456064853 0 0 0 0 0 0 0 0.0810033783897143 0 0 0 0 0 0 0 0.842883453918386 0 0 0 0 0 0 0 0 0.407374947090119 0 0 0 -0.320967630776037 0 0 0 1 -1.33936002044971 0 0 -0.212447634804041 0 0.05 0
0 0 0.24783456064853 0 0 0 0 0 0 0 0 0 0 0 0 0 0 0.879427240532185 0 0 0 0 0 0 0 -0.199529538111038 0 0 0 0 0 0 0 0.894945331503616 0 1 -1.12845241042661 0 0 -0.915471096299077 0 0.05 0
1 0 0.24783456064853 -0.192661334555045 0 0 0 -0.0493384954221666 0 0.0221691113141187 0 0 0.24783456064853 0 0.256268279039089 0 -0.908060877984977 0 0 -1.03541619779337 0 0 0 0 -0.821209561041566 0 0 0 0 0 0 0 -0.653370843326658 0 0 1 -1.33936002044971 0 0 0.760969465727549 0 0.05 0
0 0 0.24783456064853 0 0 0 0 0 0 0 0 0 0 0 0 0 0 0 0 0 0 0 0 0 0 0 0 0 0 0 0 0 0 0 0 1 -2.02615512291591 0 0 -0.374683818225972 0 0.05 0
0 0 0.24783456064853 0 -0.0683290635760459 -0.0527014858776145 0 0 -0.0493384954221666 0 0 0.114245088307253 0 0.24783456064853 0 0 0 0 0 0 0 -1.13365877964975 0 0 0 0 0 0 0 0.400135694415616 0 0 0 0 0 1 -1.29506205512684 0 0 1.95070147748838 0 0.05 0
0 1 0.24783456064853 0 0 0 0 0 0 0 0 0 0 0 0 0 0 0 0 0 0 0 -1.26945169281784 0 0 0 0 0 -1.17569363213118 0 -1.07606194277848 0 0 0 -0.694666563109819 1 -0.504287920579485 0 0 1.13952056037872 0 0.05 0
0 0 0.24783456064853 0 0 0 -0.0191073964814389 0 0 0 0 0 0 0 0 0.212810798322569 0 0 0 0 -0.370602272168543 0 0 2.60961243081249 0 0 -0.553560260271829 0 0 0 0 0 0 0 0 1 -0.297890898040396 0 0 0.193142823750788 0 0.05 0
0 0 0.24783456064853 0 0 0 0 0 0 0 0.0810033783897143 0 0 0 0 0 0 0 0.539038284832558 0 0 0 0 0 0 0 0 0.957978917625709 0 0 0 -0.819050662528895 0 0 0 1 -0.141228097799881 0 0 -0.618038093358869 0 0.05 0
0 0 0.24783456064853 0 0 0 0 0 0 0 0 0 0 0 0 0 0 2.07899507643619 0 0 0 0 0 0 0 -0.544899335621969 0 0 0 0 0 0 0 -0.224610951281993 0 1 -0.176042053408884 0 0 0.40945773498003 0 0.05 0
1 0 0.24783456064853 -0.192661334555045 0 0 0 -0.0493384954221666 0 0.0221691113141187 0 0 0.24783456064853 0 0.256268279039089 0 -0.0053016566656132 0 0 -0.57184630335429 0 0 0 0 -0.444115522601178 0 0 0 0 0 0 0 -0.126664063565254 0 0 1 0.393414791909809 0 0 0.517615190594651 0 0.05 0
0 0 0.24783456064853 0 0 0 0 0 0 0 0 0 0 0 0 0 0 0 0 0 0 0 0 0 0 0 0 0 0 0 0 0 0 0 0 1 -0.133767964455095 0 0 -0.618038093358869 0 0.05 0
0 0 0.24783456064853 0 -0.0683290635760459 -0.0527014858776145 0 0 -0.0493384954221666 0 0 0.114245088307253 0 0.24783456064853 0 0 0 0 0 0 0 1.06518976843896 0 0 0 0 0 0 0 -0.199778349064387 0 0 0 0 0 1 -0.315297875844897 0 0 -0.645077457262525 0 0.05 0
0 1 0.24783456064853 0 0 0 0 0 0 0 0 0 0 0 0 0 0 0 0 0 0 0 -0.0151024765548474 0 0 0 0 0 -0.364269465974331 0 -0.378941465591902 0 0 0 -0.383880243586484 0 0 -0.837507209979943 0 0 0 0 0.05
0 0 0.24783456064853 0 0 0 -0.0191073964814389 0 0 0 0 0 0 0 0 0.212810798322569 0 0 0 0 1.09855958655038 0 0 -0.342972024309079 0 0 -0.592936540789855 0 0 0 0 0 0 0 0 0 0 -1.96398734504269 0 0 0 0 0.05
0 0 0.24783456064853 0 0 0 0 0 0 0 0.0810033783897143 0 0 0 0 0 0 0 5.96775032776649 0 0 0 0 0 0 0 0 0.445079143227506 0 0 0 0.72981214637793 0 0 0 0 0 -0.0417596532027297 0 0 0 0 0.05
0 0 0.24783456064853 0 0 0 0 0 0 0 0 0 0 0 0 0 0 -0.270965953370276 0 0 0 0 0 0 0 -0.634748716394965 0 0 0 0 0 0 0 -0.482174989351939 0 0 0 -0.690791254199144 0 0 0 0 0.05
1 0 0.24783456064853 -0.192661334555045 0 0 0 -0.0493384954221666 0 0.0221691113141187 0 0 0.24783456064853 0 0.256268279039089 0 -0.80561370714842 0 0 -0.957482454193459 0 0 0 0 -0.578278128799447 0 0 0 0 0 0 0 -0.633692016570783 0 0 0 0 -1.33936002044971 0 0 0 0 0.05
0 0 0.24783456064853 0 0 0 0 0 0 0 0 0 0 0 0 0 0 0 0 0 0 0 0 0 0 0 0 0 0 0 0 0 0 0 0 0 0 -1.19310689941476 0 0 0 0 0.05
0 0 0.24783456064853 0 -0.0683290635760459 -0.0527014858776145 0 0 -0.0493384954221666 0 0 0.114245088307253 0 0.24783456064853 0 0 0 0 0 0 0 1.04507889139048 0 0 0 0 0 0 0 -0.351552415968332 0 0 0 0 0 0 0 -1.43929129979271 0 0 0 0 0.05
0 1 0.24783456064853 0 0 0 0 0 0 0 0 0 0 0 0 0 0 0 0 0 0 0 -0.125178383231729 0 0 0 0 0 -0.662615952851121 0 -1.13786713152501 0 0 0 0.387281109587434 0 0 -0.6783576986245 0 0 0 0 0.05
0 0 0.24783456064853 0 0 0 -0.0191073964814389 0 0 0 0 0 0 0 0 0.212810798322569 0 0 0 0 -0.700296075109405 0 0 0.0503078513402147 0 0 -0.174326353776684 0 0 0 0 0 0 0 0 0 0 -0.832533787750085 0 0 0 0 0.05
0 0 0.24783456064853 0 0 0 0 0 0 0 0.0810033783897143 0 0 0 0 0 0 0 0.495644355606509 0 0 0 0 0 0 0 0 1.41222938263788 0 0 0 -0.0832811954898024 0 0 0 0 0 -0.33021814253447 0 0 0 0 0.05
0 0 0.24783456064853 0 0 0 0 0 0 0 0 0 0 0 0 0 0 1.96177527652098 0 0 0 0 0 0 0 -0.840129006312421 0 0 0 0 0 0 0 -0.0943629590417218 0 0 0 -0.0914938755013054 0 0 0 0 -0.44
1 0 0.24783456064853 -0.192661334555045 0 0 0 -0.0493384954221666 0 0.0221691113141187 0 0 0.24783456064853 0 0.256268279039089 0 -0.210155336409514 0 0 -0.544494978266356 0 0 0 0 -1.23779704227168 0 0 0 0 0 0 0 -0.767617365326041 0 0 0 0 -1.33936002044971 0 0 0 0 -0.44
0 0 0.24783456064853 0 0 0 0 0 0 0 0 0 0 0 0 0 0 0 0 0 0 0 0 0 0 0 0 0 0 0 0 0 0 0 0 0 0 0.04030181358992 0 0 0 0 -0.44
0 0 0.24783456064853 0 -0.0683290635760459 -0.0527014858776145 0 0 -0.0493384954221666 0 0 0.114245088307253 0 0.24783456064853 0 0 0 0 0 0 0 0.196150718635869 0 0 0 0 0 0 0 0.211168058115925 0 0 0 0 0 0 0 -0.377465653718117 0 0 0 0 -0.44
0 1 0.24783456064853 0 0 0 0 0 0 0 0 0 0 0 0 0 0 0 0 0 0 0 0.4813514307615 0 0 0 0 0 -0.0302233994712575 0 0.0774873633875508 0 0 0 0.0932319172295585 0 0 -0.148688231144668 0 0 0 0 -0.44
0 0 0.24783456064853 0 0 0 -0.0191073964814389 0 0 0 0 0 0 0 0 0.212810798322569 0 0 0 0 -0.19654530089936 0 0 -0.180034596406088 0 0 -0.0355012442997278 0 0 0 0 0 0 0 0 0 0 -0.10392743107595 0 0 0 0 -0.44
0 0 0.24783456064853 0 0 0 0 0 0 0 0.0810033783897143 0 0 0 0 0 0 0 0.273502503770534 0 0 0 0 0 0 0 0 0.103442468431801 0 0 0 -0.606111842708383 0 0 0 0 0 0.666953014551976 0 0 0 0 -0.44
0 0 0.24783456064853 0 0 0 0 0 0 0 0 0 0 0 0 0 0 -0.624446636153006 0 0 0 0 0 0 0 -0.813728107398338 0 0 0 0 0 0 0 -0.73944086338013 0 0 0 -0.835020498865015 0 0 0 0 -0.44
1 0 0.24783456064853 -0.192661334555045 0 0 0 -0.0493384954221666 0 0.0221691113141187 0 0 0.24783456064853 0 0.256268279039089 0 -0.63588024633032 0 0 -1.03304925619922 0 0 0 0 1.09598487208983 0 0 0 0 0 0 0 -0.7400868854706 0 0 0 0 -0.481907520545126 0 0 0 0 -0.44
0 0 0.24783456064853 0 0 0 0 0 0 0 0 0 0 0 0 0 0 0 0 0 0 0 0 0 0 0 0 0 0 0 0 0 0 0 0 0 0 0.182044347140861 0 0 0 0 -0.44
0 0 0.24783456064853 0 -0.0683290635760459 -0.0527014858776145 0 0 -0.0493384954221666 0 0 0.114245088307253 0 0.24783456064853 0 0 0 0 0 0 0 0.739695780881779 0 0 0 0 0 0 0 0.400135694415616 0 0 0 0 0 0 0 0.219345013864794 0 0 0 0 -0.44
0 1 0.24783456064853 0 0 0 0 0 0 0 0 0 0 0 0 0 0 0 0 0 0 0 0.739695780881779 0 0 0 0 0 0.407374947090119 0 0.400135694415616 0 0 0 0.387281109587434 0 0 0.53515732546075 0 0 0 0 -0.44
0 0 0.24783456064853 0 0 0 -0.0191073964814389 0 0 0 0 0 0 0 0 0.212810798322569 0 0 0 0 0.739695780881779 0 0 0.510143620886704 0 0 0.407374947090119 0 0 0 0 0 0 0 0 0 0 0.808695548102917 0 0 0 0 -0.44
0 0 0.24783456064853 0 0 0 0 0 0 0 0.0810033783897143 0 0 0 0 0 0 0 0.587446296205635 0 0 0 0 0 0 0 0 0.407374947090119 0 0 0 0.387281109587434 0 0 0 0 0 0.0651689247392082 0 0 0 0 -0.44
0 0 0.24783456064853 0 0 0 0 0 0 0 0 0 0 0 0 0 0 -0.0053016566656132 0 0 0 0 0 0 0 0.510143620886704 0 0 0 0 0 0 0 0.387281109587434 0 0 0 -1.33936002044971 0 0 0 0 -0.44
1 0 0.24783456064853 -0.192661334555045 0 0 0 -0.0493384954221666 0 0.0221691113141187 0 0 0.24783456064853 0 0.256268279039089 0 -0.640028724359258 0 0 -0.403442792155826 0 0 0 0 -0.11557899578751 0 0 0 0 0 0 0 -0.311525769453773 0 0 0 0 -1.33936002044971 0 0 0 0 -0.44
0 0 0.24783456064853 0 0 0 0 0 0 0 0 0 0 0 0 0 0 0 0 0 0 0 0 0 0 0 0 0 0 0 0 0 0 0 0 0 0 -1.33936002044971 0 0 0 0 -0.44
0 0 0.24783456064853 0 -0.0683290635760459 -0.0527014858776145 0 0 -0.0493384954221666 0 0 0.114245088307253 0 0.24783456064853 0 0 0 0 0 0 0 -0.771396034232144 0 0 0 0 0 0 0 0.400135694415616 0 0 0 0 0 0 0 -1.91176641162918 0 0 0 0 -0.44
0 1 0.24783456064853 0 0 0 0 0 0 0 0 0 0 0 0 0 0 0 0 0 0 0 -0.315341853376026 0 0 0 0 0 -0.843130106310265 0 0.0204406761917919 0 0 0 -0.540416365508215 0 0 -0.825073654405299 0 0 0 0 -0.44
0 0 0.24783456064853 0 0 0 -0.0191073964814389 0 0 0 0 0 0 0 0 0.212810798322569 0 0 0 0 0.737987578583752 0 0 0.763060184966189 0 0 -0.216311905895302 0 0 0 0 0 0 0 0 0 0 -0.496827787234699 0 0 0 0 -0.44
0 0 0.24783456064853 0 0 0 0 0 0 0 0.0810033783897143 0 0 0 0 0 0 0 -0.555102383188279 0 0 0 0 0 0 0 0 0.334481608338773 0 0 0 1.76468984130493 0 0 0 0 0 -0.471960676085411 0 0 0 0 -0.44
0 0 -0.385249484317841 0 0 0 0 0 0 0 0 0 0 0 0 0 0 -0.45370135142541 0 0 0 0 0 0 0 -0.89307467824911 0 0 0 0 0 0 0 -0.736161058920817 0 0 0 -0.735552054267862 0 0 0 0 -0.44
1 0 -1.24360845322149 -0.662901009971127 0 0 0 -1.76906256687119 0 -0.0974955464406723 0 0 -1.24360845322149 0 -2.13629052193039 0 -0.424965552395699 0 0 -0.488389696034698 0 0 0 0 0.311367421256309 0 0 0 0 0 0 0 -0.763641844769299 0 0 0 0 -1.94658036723818 0 0 0 0 -0.44
0 0 -2.14098373889348 0 0 0 0 0 0 0 0 0 0 0 0 0 0 0 0 0 0 0 0 0 0 0 0 0 0 0 0 0 0 0 0 0 0 -0.743012187612649 0 0 0 0 -0.44
0 0 0.267264778876939 0 0.558482882175501 -0.223195139025482 0 0 0.0409612340711281 0 0 -0.325211483071172 0 0.267264778876939 0 0 0 0 0 0 0 0.0820704337856167 0 0 0 0 0 0 0 0.157828575616689 0 0 0 0 0 0 0 0.234265280554366 0 0 0 0 -0.44
0 1 0.109854121570157 0 0 0 0 0 0 0 0 0 0 0 0 0 0 0 0 0 0 0 0.555120975333153 0 0 0 0 0 0.158592981807952 0 -0.150090739848294 0 0 0 -0.0537629553559903 0 0 -0.0442463643176589 0 0 0 0 -0.44
0 0 0.555178288822677 0 0 0 0.299093983641135 0 0 0 0 0 0 0 0 0.212810798322569 0 0 0 0 -0.203041292158383 0 0 -0.563171347404467 0 0 -0.336397701149824 0 0 0 0 0 0 0 0 0 0 0.622192214483257 0 0 0 0 -0.44
0 0 -2.23516105523088 0 0 0 0 0 0 0 -2.18175953386259 0 0 0 0 0 0 0 -0.995441184203315 0 0 0 0 0 0 0 0 -0.682956411010282 0 0 0 -0.757529481913307 0 0 0 0 0 -0.902161698968092 0 0 0 0 -0.44
0 0 0.167705901605983 0 0 0 0 0 0 0 0 0 0 0 0 0 0 -0.294844997634402 0 0 0 0 0 0 0 -0.908397270806874 0 0 0 0 0 0 0 0.373307340452058 0 0 0 -0.59878294294678 0 0 0 0 -0.44
1 0 0.0748739755019831 -1.40855100212961 0 0 0 -0.0493384954221666 0 2.10939534724601 0 0 0.0748739755019831 0 -1.40324250626561 0 -0.300764167504959 0 0 0.831574732968567 0 0 0 0 0.880965016901289 0 0 0 0 0 0 0 -0.773829116195951 0 0 0 0 -2.02615512291591 0 0 0 0 -0.44
0 0 0.24783456064853 0 0 0 0 0 0 0 0 0 0 0 0 0 0 0 0 0 0 0 0 0 0 0 0 0 0 0 0 0 0 0 0 0 0 -0.902161698968092 0 0 0 0 -0.44
0 0 0.124653414137461 0 -1.31280278985009 -0.216090397151618 0 0 0.0706879023347792 0 0 -0.19672885298828 0 0.124653414137461 0 0 0 0 0 0 0 -0.434405364397584 0 0 0 0 0 0 0 0.350105237115489 0 0 0 0 0 0 0 -0.479420809430197 0 0 0 0 -0.63
0 1 -1.34182194025905 0 0 0 0 0 0 0 0 0 0 0 0 0 0 0 0 0 0 0 0.386225202598536 0 0 0 0 0 -0.623061767451237 0 -0.408377777510567 0 0 0 1.01977667698533 0 0 0.773881592493914 0 0 0 0 -0.63
0 0 3.68051980099066 0 0 0 1.38363076171973 0 0 0 0 0 0 0 0 4.44008628394614 0 0 0 0 -0.541900671807183 0 0 -0.70107468042435 0 0 -0.101681860351109 0 0 0 0 0 0 0 0 0 0 -0.372492231488259 0 0 0 0 -0.63
0 0 1.90729547338093 0 0 0 0 0 0 0 1.25367566278221 0 0 0 0 0 0 0 0.852175891288005 0 0 0 0 0 0 0 0 0.0255794318050416 0 0 0 0.293548459282414 0 0 0 0 0 -0.979249743530884 0 0 0 0 -0.63
0 0 0.0385484392004181 0 0 0 0 0 0 0 0 0 0 0 0 0 0 0.16290413902198 0 0 0 0 0 0 0 0.662564120162446 0 0 0 0 0 0 0 -0.0668821731932401 0 0 0 -0.402332764867404 0 0 0 0 -0.63
1 0 -1.11041482011575 1.35333656882541 0 0 0 -0.708811398800963 0 -1.46230217959019 0 0 -1.11041482011575 0 -0.4617129448613 0 1.08796414827949 0 0 -0.478834265154618 0 0 0 0 -0.426490944307036 0 0 0 0 0 0 0 -0.119011186493524 0 0 0 0 -0.0964672977311629 0 0 0 0 -0.63
0 0 -1.30280562349071 0 0 0 0 0 0 0 0 0 0 0 0 0 0 0 0 0 0 0 0 0 0 0 0 0 0 0 0 0 0 0 0 0 0 0.935517814964285 0 0 0 0 -0.63
0 0 2.40239907926893 0 -1.91623402250744 -1.7388734054497 0 0 -1.6567618200974 0 0 -1.91185075456652 0 2.40239907926893 0 0 0 0 0 0 0 -0.0902958000325881 0 0 0 0 0 0 0 5.41840737139708 0 0 0 0 0 0 0 -0.076573608811733 0 0 0 0 -0.63
0 1 0.600921556757981 0 0 0 0 0 0 0 0 0 0 0 0 0 0 0 0 0 0 0 0.179777261215864 0 0 0 0 0 0.0350083905435446 0 -0.263852125759527 0 0 0 0.176767542928107 0 0 0.803722125873059 0 0 0 0 -0.63
0 0 1.42430037959346 0 0 0 1.2202074115983 0 0 0 0 0 0 0 0 0.955895384436022 0 0 0 0 -0.0378829390522457 0 0 -0.359013987409462 0 0 0.994923831425002 0 0 0 0 0 0 0 0 0 0 0.0452752358197783 0 0 0 0 -0.63
0 0 -1.75485674191018 0 0 0 0 0 0 0 -2.10986701853669 0 0 0 0 0 0 0 -0.980713547617505 0 0 0 0 0 0 0 0 -0.685743587492733 0 0 0 -0.662365458586287 0 0 0 0 0 -1.48902552209129 0 0 0 0 -0.63
0 0 1.93689405851554 0 0 0 0 0 0 0 0 0 0 0 0 0 0 0.136647308570536 0 0 0 0 0 0 0 -0.969687641037933 0 0 0 0 0 0 0 -0.417870944346632 0 0 0 -0.648517165245355 0 0 0 0 -0.63
1 0 -1.44676237846358 -0.84782220802643 0 0 0 -1.74594182488835 0 -1.3806715624973 0 0 -1.44676237846358 0 0.256268279039089 0 -0.415707363623803 0 0 -1.01753263908203 0 0 0 0 1.47458958866971 0 0 0 0 0 0 0 -1.04217675377606 0 0 0 0 -0.3501118314539 0 0 0 0 -0.63
0 0 -1.88939576524931 0 0 0 0 0 0 0 0 0 0 0 0 0 0 0 0 0 0 0 0 0 0 0 0 0 0 0 0 0 0 0 0 0 0 0.497856658736818 0 0 0 0 -0.63
0 0 0.0721831950352006 0 1.34489003699347 0.695684809994201 0 0 0.640999537911495 0 0 -0.0318832143913612 0 0.0721831950352006 0 0 0 0 0 0 0 0.944524506148054 0 0 0 0 0 0 0 0.570102936718144 0 0 0 0 0 0 0 0.428228747518812 0 0 0 0 -0.63
0 1 0.578049922790328 0 0 0 0 0 0 0 0 0 0 0 0 0 0 0 0 0 0 0 0.321710220916451 0 0 0 0 0 0.0785357849716037 0 0.182949037291641 0 0 0 0.448643455002326 0 0 1.18418892645716 0 0 0 0 -0.63
0 0 0.879417335069979 0 0 0 1.51115049704176 0 0 0 0 0 0 0 0 -0.00984221833086991 0 0 0 0 1.73997198374275 0 0 0.493727853809987 0 0 0.869263683205578 0 0 0 0 0 0 0 0 0 0 0.274052658393227 0 0 0 0 -0.63
0 0 0.0721831950352006 0 0 0 0 0 0 0 -0.899248412245192 0 0 0 0 0 0 0 2.3999803648539 0 0 0 0 0 0 0 0 1.00458999667265 0 0 0 -0.0717024918682903 0 0 0 0 0 0.567484569954824 0 0 0 0 -0.63
0 0 -2.40871639533835 0 0 0 0 0 0 0 0 0 0 0 0 0 0 -0.112817876315916 0 0 0 0 0 0 0 0.373521036138509 0 0 0 0 0 0 0 0.225318587727323 0 0 0 -0.220802853477602 0 0 0 0 -0.63
1 0 -1.61762693810427 -0.590324410734368 0 0 0 -0.675781767396906 0 -1.3190905706553 0 0 -1.61762693810427 0 -1.19588182905157 0 -0.689658687120079 0 0 -1.0923981250599 0 0 0 0 -0.611800796085448 0 0 0 0 0 0 0 -0.298555633637401 0 0 0 0 -1.33936002044971 0 0 0 0 -0.63
0 0 -2.2163255919634 0 0 0 0 0 0 0 0 0 0 0 0 0 0 0 0 0 0 0 0 0 0 0 0 0 0 0 0 0 0 0 0 0 0 1.25381683767517 0 0 0 0 -0.63
0 0 -2.14905608029383 0 -1.9279133366879 -0.0527014858776145 0 0 -1.5620768767391 0 0 0.114245088307253 0 -2.14905608029383 0 0 0 0 0 0 0 -1.05766458053734 0 0 0 0 0 0 0 -0.80421870883788 0 0 0 0 0 0 0 -1.77251058919317 0 0 0 0 -0.63
0 1 4.07471913937431 0 0 0 0 0 0 0 0 0 0 0 0 0 0 0 0 0 0 0 -0.6146913683809 0 0 0 0 0 0.814172471456713 0 -0.63058873364846 0 0 0 0.209913445569947 0 0 -1.498972366551 0 0 0 0 -0.63
0 0 -2.61456110104722 0 0 0 -1.64589149394045 0 0 0 0 0 0 0 0 -1.7787086283269 0 0 0 0 0.400907922567562 0 0 0.981964641084865 0 0 -1.14794047056125 0 0 0 0 0 0 0 0 0 0 -0.827560365520228 0 0 0 0 -0.63
0 0 -0.106753706005842 0 0 0 0 0 0 0 0.0810033783897143 0 0 0 0 0 0 0 -0.508377202829726 0 0 0 0 0 0 0 0 -0.22799432647068 0 0 0 -0.920674906760622 0 0 0 0 0 -0.362545387028544 0 0 0 0 -0.63
0 0 -0.401394167118536 0 0 0 0 0 0 0 0 0 0 0 0 0 0 0.517700192887055 0 0 0 0 0 0 0 0.149005489787413 0 0 0 0 0 0 0 -0.539969119445582 0 0 0 -0.0840337421565196 0 0 0 0 -0.63
1 0 -1.46694323196444 -0.192661334555045 0 0 0 -0.461089163270537 0 0.0221691113141187 0 0 -1.46694323196444 0 -1.45256072138679 0 -0.0053016566656132 0 0 0.587446296205635 0 0 0 0 -0.60949881034907 0 0 0 0 0 0 0 -0.392974246860033 0 0 0 0 -0.0616533421221605 0 0 0 0 -0.63
0 0 -1.99030003275366 0 0 0 0 0 0 0 0 0 0 0 0 0 0 0 0 0 0 0 0 0 0 0 0 0 0 0 0 0 0 0 0 0 0 -0.20588258678803 0 0 0 0 -0.63
0 0 -0.70545235986497 0 1.01397613521363 0.664897595207459 0 0 0.47585138089121 0 0 -0.3639986921528 0 -0.70545235986497 0 0 0 0 0 0 0 0.0648071145493071 0 0 0 0 0 0 0 0.268270076725065 0 0 0 0 0 0 0 0.0278682580152767 0 0 0 0 -0.63
0 1 -0.0139217799018426 0 0 0 0 0 0 0 0 0 0 0 0 0 0 0 0 0 0 0 -0.347465864944623 0 0 0 0 0 0.515292269934347 0 0.501049332818719 0 0 0 0.250463755248719 0 0 0.43071545863374 0 0 0 0 -0.63
0 0 -0.500953044389493 0 0 0 0.680415133924477 0 0 0 0 0 0 0 0 -0.478829781070849 0 0 0 0 0.0561754549311526 0 0 -0.159172850670165 0 0 0.183262458759004 0 0 0 0 0 0 0 0 0 0 -0.335191564764327 0 0 0 0 -0.63
0 0 3.31591904774162 0 0 0 0 0 0 0 -0.214985721732607 0 0 0 0 0 0 0 1.95771294476215 0 0 0 0 0 0 0 0 0.29302977086573 0 0 0 1.2231245534627 0 0 0 0 0 -0.0914938755013054 0 0 0 0 -0.65
0 0 -0.868244578105317 0 0 0 0 0 0 0 0 0 0 0 0 0 0 1.1319784883426 0 0 0 0 0 0 0 -0.113636695322441 0 0 0 0 0 0 0 -0.0461100782842615 0 0 0 0.107443013692998 0 0 0 0 -0.65
1 0 -1.77638298564444 -0.192661334555045 0 0 0 -1.0578245039705 0 0.0221691113141187 0 0 -1.77638298564444 0 -1.40660511184205 0 -0.0053016566656132 0 0 0.587446296205635 0 0 0 0 -0.51705969562265 0 0 0 0 0 0 0 -0.7221473489583 0 0 0 0 -0.280483920235894 0 0 0 0 -0.65
0 0 -2.41275256603853 0 0 0 0 0 0 0 0 0 0 0 0 0 0 0 0 0 0 0 0 0 0 0 0 0 0 0 0 0 0 0 0 0 0 -0.0740868976968038 0 0 0 0 -0.65
0 0 -0.257437412145667 0 -0.0683290635760459 -0.0527014858776145 0 0 0.670726206175146 0 0 0.114245088307253 0 -0.257437412145667 0 0 0 0 0 0 0 0.739695780881779 0 0 0 0 0 0 0 -0.0443524088772999 0 0 0 0 0 0 0 -0.243183253511962 0 0 0 0 -0.65
0 1 -0.346233167549493 0 0 0 0 0 0 0 0 0 0 0 0 0 0 0 0 0 0 0 -0.354317800930168 0 0 0 0 0 0.0934797950477219 0 -0.020504569710111 0 0 0 0.0850324060812775 0 0 0.187017769370719 0 0 0 0 -0.65
0 0 -2.29570361573348 0 0 0 -1.14943116516247 0 0 0 0 0 0 0 0 -1.90264825907214 0 0 0 0 -1.31447870072285 0 0 -1.02212975359479 0 0 -0.720494341082437 0 0 0 0 0 0 0 0 0 0 0.0701423469690657 0 0 0 0 -0.65
0 0 -0.409466508518884 0 0 0 0 0 0 0 -0.126403872491766 0 0 0 0 0 0 0 0.587446296205635 0 0 0 0 0 0 0 0 0.03927810770815 0 0 0 -0.132726732414286 0 0 0 0 0 0.174584213796075 0 0 0 0 -0.65
0 0 -0.642219018895578 0 0 0 0 0 0 0 0 0 0 0 0 0 0 1.12580636249467 0 0 0 0 0 0 0 -0.051123395168932 0 0 0 0 0 0 0 -0.358933852092926 0 0 0 0.264105813933512 0 0 0 0 -0.65
1 0 -1.8449978875474 -0.192661334555045 0 0 0 -0.0493384954221666 0 0.0221691113141187 0 0 -1.8449978875474 0 -1.74062393243549 0 -0.0053016566656132 0 0 0.587446296205635 0 0 0 0 -1.17434856041277 0 0 0 0 0 0 0 0.387281109587434 0 0 0 0 0.0900360358884965 0 0 0 0 -0.65
0 0 0.24783456064853 0 0 0 0 0 0 0 0 0 0 0 0 0 0 0 0 0 0 0 0 0 0 0 0 0 0 0 0 0 0 0 0 0 0 0.279026080623084 0 0 0 0 -0.65
0 0 -0.640873628662187 0 -0.0683290635760459 -0.0527014858776145 0 0 0.709260776146546 0 0 0.114245088307253 0 -0.640873628662187 0 0 0 0 0 0 0 0.739695780881779 0 0 0 0 0 0 0 -0.236518407549338 0 0 0 0 0 0 0 0.460555992012886 0 0 0 0 -0.65
0 1 -0.963767284676099 0 0 0 0 0 0 0 0 0 0 0 0 0 0 0 0 0 0 0 -0.101241100373135 0 0 0 0 0 -0.355492825135975 0 0.400135694415616 0 0 0 -0.237183535042691 0 0 0.0900360358884965 0 0 0 0 -0.65
0 0 -0.0690827794708858 0 0 0 0.390710104163756 0 0 0 0 0 0 0 0 -0.240865690039993 0 0 0 0 -0.659184459196131 0 0 -0.502168725390456 0 0 -0.605152676010809 0 0 0 0 0 0 0 0 0 0 -1.33936002044971 0 0 0 0 -0.65
0 0 0.0439300001339832 0 0 0 0 0 0 0 -0.000591970671440978 0 0 0 0 0 0 0 -0.572372290375212 0 0 0 0 0 0 0 0 -0.280120456855236 0 0 0 0.457141130192363 0 0 0 0 0 -1.33936002044971 0 0 0 0 -0.65
0 0 -0.957040333509142 0 0 0 0 0 0 0 0 0 0 0 0 0 0 -0.106038656122287 0 0 0 0 0 0 0 -0.742222675462103 0 0 0 0 0 0 0 -0.494449409070881 0 0 0 -1.33936002044971 0 0 0 0 -0.65
1 0 1.24401808831902 -1.05561000584126 0 0 0 -0.320162735946561 0 0.0221691113141187 0 0 1.24401808831902 0 -0.0851011202995763 0 -0.743538310300787 0 0 0.587446296205635 0 0 0 0 1.51048617874635 0 0 0 0 0 0 0 -0.4131500136855 0 0 0 0 -1.33936002044971 0 0 0 0 -0.65
0 0 -2.2163255919634 0 0 0 0 0 0 0 0 0 0 0 0 0 0 0 0 0 0 0 0 0 0 0 0 0 0 0 0 0 0 0 0 0 0 -1.33936002044971 0 0 0 0 -0.65
0 0 0.871344993669632 0 -0.0683290635760459 -0.0527014858776145 0 0 0.631090648490278 0 0 0.114245088307253 0 0.871344993669632 0 0 0 0 0 0 0 -0.138704282839559 0 0 0 0 0 0 0 0.110520217175978 0 0 0 0 0 0 0 -1.33936002044971 0 0 0 0 -0.65
0 1 0.24783456064853 0 0 0 0 0 0 0 0 0 0 0 0 0 0 0 0 0 0 0 0.778298318862351 0 0 0 0 0 0.407374947090119 0 2.2397283354883 0 0 0 1.17541830678179 0 0 -1.33936002044971 0 0 0 0 -0.65
0 0 -0.514406946723405 0 0 0 -1.38342368919997 0 0 0 0 0 0 0 0 -1.30575499740307 0 0 0 0 0.739695780881779 0 0 -0.424764455004753 0 0 -0.648264959047865 0 0 0 0 0 0 0 0 0 0 -1.33936002044971 0 0 0 0 -0.65
0 0 0.347988192880417 0 0 0 0 0 0 0 -2.36534220692694 0 0 0 0 0 0 0 -1.22030063564739 0 0 0 0 0 0 0 0 -0.9811842946325 0 0 0 -0.240165175460248 0 0 0 0 0 0 -1.33936002044971 0 -0.454153807945788 0 0
0 0 -2.15712842169418 0 0 0 0 0 0 0 0 0 0 0 0 0 0 0.206969070280568 0 0 0 0 0 0 0 -0.898110272047436 0 0 0 0 0 0 0 -0.461850140505594 0 0 0 0 -1.33936002044971 0 -0.454153807945788 0 0
1 0 -1.39025598866114 0.377032179092568 0 0 0 -0.561279045196176 0 -0.916665949548254 0 0 -1.39025598866114 0 -1.35616602819539 0 -0.275822708135861 0 0 -0.733674976791231 0 0 0 0 -0.29801136539545 0 0 0 0 0 0 0 -0.420256256680677 0 0 0 0 0 -1.33936002044971 0 -0.454153807945788 0 0
0 0 -0.885734651139404 0 0 0 0 0 0 0 0 0 0 0 0 0 0 0 0 0 0 0 0 0 0 0 0 0 0 0 0 0 0 0 0 0 0 0 -1.33936002044971 0 -0.454153807945788 0 0
0 0 -1.85441561918114 0 -1.43608443953277 -1.50796929454914 0 0 3.70504834449451 0 0 -1.65730969496833 0 -1.85441561918114 0 0 0 0 0 0 0 -0.531934219464571 0 0 0 0 0 0 0 -0.535972016767036 0 0 0 0 0 0 0 0 -1.33936002044971 0 -0.454153807945788 0 0
0 1 0.639937873526328 0 0 0 0 0 0 0 0 0 0 0 0 0 0 0 0 0 0 0 -0.33153733843277 0 0 0 0 0 2.24583235739976 0 -0.435213513000328 0 0 0 -0.77392850420987 0 0 0 -1.33936002044971 0 -0.454153807945788 0 0
0 0 -2.06833266629035 0 0 0 -1.17543033449997 0 0 0 0 0 0 0 0 -1.55264274184759 0 0 0 0 -0.468398085780421 0 0 -0.188738979971767 0 0 -0.843841725837699 0 0 0 0 0 0 0 0 0 0 0 -1.33936002044971 0 -0.454153807945788 0 0
0 0 0.471764094352416 0 0 0 0 0 0 0 -0.175188079320056 0 0 0 0 0 0 0 -0.472522420903556 0 0 0 0 0 0 0 0 -0.445690600238261 0 0 0 -0.0500359048340444 0 0 0 0 0 0 -1.33936002044971 0 -0.454153807945788 0 0
0 0 -1.01623750377836 0 0 0 0 0 0 0 0 0 0 0 0 0 0 -0.968922086141214 0 0 0 0 0 0 0 -1.08176557157783 0 0 0 0 0 0 0 0.209466199507313 0 0 0 0 -1.33936002044971 0 -0.454153807945788 0 0
1 0 -0.418884240152623 -1.3349802029033 0 0 0 1.59445489777527 0 -0.806393010668387 0 0 -0.418884240152623 0 1.24761155649771 0 -0.862528802057618 0 0 -1.01928592915177 0 0 0 0 -1.12564717467753 0 0 0 0 0 0 0 -0.399981101841291 0 0 0 0 0 -1.33936002044971 0 -0.454153807945788 0 0
0 0 1.38393867259172 0 0 0 0 0 0 0 0 0 0 0 0 0 0 0 0 0 0 0 0 0 0 0 0 0 0 0 0 0 0 0 0 0 0 0 -1.33936002044971 0 -0.454153807945788 0 0
0 0 -0.987984308877142 0 -0.379755356988508 -1.27824930729422 0 0 1.20140228406699 0 0 -2.030636582379 0 -0.987984308877142 0 0 0 0 0 0 0 -0.244330880434917 0 0 0 0 0 0 0 -0.783082108926357 0 0 0 0 0 0 0 0 -1.33936002044971 0 -0.454153807945788 0 0
0 1 4.07875531007449 0 0 0 0 0 0 0 0 0 0 0 0 0 0 0 0 0 0 0 1.07827073713864 0 0 0 0 0 0.857996374021203 0 0.345900049698537 0 0 0 0.412863769991645 0 0 0 -1.33936002044971 0 -0.454153807945788 0 0
0 0 -1.4279269151961 0 0 0 -1.38713785624818 0 0 0 0 0 0 0 0 -1.81142869084364 0 0 0 0 -0.991013930496124 0 0 -1.09845496816657 0 0 -0.938012709968159 0 0 0 0 0 0 0 0 0 0 0 -0.45206698716598 0 3.27563030876749 0 0
0 0 5.41203703136526 0 0 0 0 0 0 0 0.801779852162266 0 0 0 0 0 0 0 -0.0256087821269976 0 0 0 0 0 0 0 0 1.5490382367871 0 0 0 0.606372233091079 0 0 0 0 0 0 -1.9913411673069 0 -2.15928183586722 0 0
0 0 3.2257779021044 0 0 0 0 0 0 0 0 0 0 0 0 0 0 0.205552516807273 0 0 0 0 0 0 0 0.510143620886704 0 0 0 0 0 0 0 3.56331472918909 0 0 0 0 0.154690524876645 0 0.40945773498003 0 0
1 0 0.24783456064853 -0.192661334555045 0 0 0 -0.0493384954221666 0 0.0221691113141187 0 0 0.24783456064853 0 0.256268279039089 0 -0.0053016566656132 0 0 0.587446296205635 0 0 0 0 0.510143620886704 0 0 0 0 0 0 0 0.387281109587434 0 0 0 0 0 0.251672258358868 0 0.490575826690996 0 0
0 0 -1.60955459670392 0 0 0 0 0 0 0 0 0 0 0 0 0 0 0 0 0 0 0 0 0 0 0 0 0 0 0 0 0 0 0 0 0 0 0 0.609758658908614 0 0.760969465727549 0 0
0 0 -0.169987046975233 0 -0.0683290635760459 -0.0527014858776145 0 0 -1.54225909789667 0 0 0.114245088307253 0 -0.169987046975233 0 0 0 0 0 0 0 0.739695780881779 0 0 0 0 0 0 0 -0.38934377130752 0 0 0 0 0 0 0 0 -1.3696633885747 0 -0.212447634804041 0 0
0 1 0.24783456064853 0 0 0 0 0 0 0 0 0 0 0 0 0 0 0 0 0 0 0 1.19884701324791 0 0 0 0 0 0.407374947090119 0 -0.74888729545693 0 0 0 -0.726818585612473 0 0 0 -1.44923814425243 0 -2.21336056367453 0 0
0 0 -1.7683106442441 0 0 0 -1.03924420939877 0 0 0 0 0 0 0 0 -1.06977394046414 0 0 0 0 -1.6651732425285 0 0 -0.983643429564724 0 0 -0.737751114622716 0 0 0 0 0 0 0 0 0 0 0 -1.04639094363396 0 0.274260915461754 0 0
0 0 0.307626485878678 0 0 0 0 0 0 0 0.872388572571632 0 0 0 0 0 0 0 1.67262797942253 0 0 0 0 0 0 0 0 0.102019229376932 0 0 0 0.0642603111722986 0 0 0 0 0 0 -0.0790603199266613 0 1.49103229112624 0 0
0 0 -1.43061769566288 0 0 0 0 0 0 0 0 0 0 0 0 0 0 0.614632923416855 0 0 0 0 0 0 0 0.510143620886704 0 0 0 0 0 0 0 0.249271099081696 0 0 0 0 0.244212125014081 0 2.54556748336879 0 0
1 0 -1.84096171684723 -0.192661334555045 0 0 0 -0.608621516875324 0 -1.61267436897183 0 0 -1.84096171684723 0 -1.77985433082733 0 -0.0053016566656132 0 0 -1.00587326011826 0 0 0 0 -0.325994879503293 0 0 0 0 0 0 0 -0.439438143366959 0 0 0 0 0 0.594838392219041 0 3.05931539753825 0 0
0 0 -2.51634761400966 0 0 0 0 0 0 0 0 0 0 0 0 0 0 0 0 0 0 0 0 0 0 0 0 0 0 0 0 0 0 0 0 0 0 0 0.269079236163369 0 3.00523666973093 0 0
0 0 -0.792902725035404 0 1.32672221493497 0.694500686348557 0 0 0.707058800719609 0 0 0.0238733986634791 0 -0.792902725035404 0 0 0 0 0 0 0 -0.246911479702201 0 0 0 0 0 0 0 0.0679150288726465 0 0 0 0 0 0 0 0 0.276539369508156 0 3.00523666973093 0 0
0 1 -0.552077873258362 0 0 0 0 0 0 0 0 0 0 0 0 0 0 0 0 0 0 0 -0.239525626626873 0 0 0 0 0 0.00316341669086391 0 -0.266286707948288 0 0 0 -0.434468742671031 0 0 0 0.634625770057901 0 3.16747285315287 0 0
0 0 0.252465486309635 0 0 0 1.26725352754235 0 0 0 0 0 0 0 0 -0.695972014136505 0 0 0 0 -0.586304776440783 0 0 -0.193271014390261 0 0 0.64919534434655 0 0 0 0 0 0 0 0 0 0 0 0.803722125873059 0 3.22155158096018 0 0
0 0 -0.163260095808277 0 0 0 0 0 0 0 0.0725843395709931 0 0 0 0 0 0 0 0.129469724541447 0 0 0 0 0 0 0 0 0.243335007199908 0 0 0 -0.108177892976401 0 0 0 0 0 0 1.03001283733158 0 3.24859094486383 0 0
0 0 0.210758389074504 0 0 0 0 0 0 0 0 0 0 0 0 0 0 -0.233275512741518 0 0 0 0 0 0 0 0.51933744512719 0 0 0 0 0 0 0 -0.0288662578693913 0 0 0 0 0.920597548274712 0 2.62668557507976 0 0
1 0 -1.91092200898357 -0.15585901530336 0 0 0 -0.0493384954221666 0 1.83013270982297 0 0 -1.91092200898357 0 -1.7036352710946 0 -0.0859539515187741 0 0 0.346790028685639 0 0 0 0 1.54364916076105 0 0 0 0 0 0 0 0.387281109587434 0 0 0 0 0 -0.641057031900569 0 -1.99704565244529 0 0
0 0 -0.969148845609664 0 0 0 0 0 0 0 0 0 0 0 0 0 0 0 0 0 0 0 0 0 0 0 0 0 0 0 0 0 0 0 0 0 0 0 -0.379952364833045 0 0.97728437695679 0 0
0 0 -1.10906942988236 0 0.519551834907285 -0.0870209197764306 0 0 0.0266483937960368 0 0 -0.25248546604312 0 -1.10906942988236 0 0 0 0 0 0 0 0.163047859069337 0 0 0 0 0 0 0 -0.174436561735912 0 0 0 0 0 0 0 0 0.0179214135555609 0 1.00432374086045 0 0
0 1 -0.0623558283039292 0 0 0 0 0 0 0 0 0 0 0 0 0 0 0 0 0 0 0 0.0616925981922413 0 0 0 0 0 0.0775276573077385 0 -0.0333967890278721 0 0 0 0.0495508851123517 0 0 0 0.6172187922534 0 -0.454153807945788 0 0
0 0 0.107163341103374 0 0 0 0.468707612176258 0 0 0 0 0 0 0 0 0.222172770424215 0 0 0 0 0.739695780881779 0 0 0.271730104358054 0 0 0.133923504856899 0 0 0 0 0 0 0 0 0 0 0 0.599811814448898 0 -0.454153807945788 0 0
0 0 0.512125801354155 0 0 0 0 0 0 0 0.111098187067011 0 0 0 0 0 0 0 -0.498032791418264 0 0 0 0 0 0 0 0 -0.125165304756438 0 0 0 0.20554037295753 0 0 0 0 0 0 1.28614408216924 0 -0.454153807945788 0 0
0 0 0.2269030718752 0 0 0 0 0 0 0 0 0 0 0 0 0 0 -0.254220267668103 0 0 0 0 0 0 0 0.38668551706842 0 0 0 0 0 0 0 -0.565313062994814 0 0 0 0 1.32344474889318 0 -0.454153807945788 0 0
1 0 -1.09561552754845 -1.4662146015232 0 0 0 -1.59400552042969 0 -0.0846065016365321 0 0 -1.09561552754845 0 -1.62293273725995 0 -0.867233783236779 0 0 -0.867889331629778 0 0 0 0 -0.62144036135653 0 0 0 0 0 0 0 -0.746398024354429 0 0 0 0 0 -1.79489098922753 0 -0.454153807945788 0 0
0 0 -0.0758097306378424 0 0 0 0 0 0 0 0 0 0 0 0 0 0 0 0 0 0 0 0 0 0 0 0 0 0 0 0 0 0 0 0 0 0 0 -1.54870658884958 0 -0.454153807945788 0 0
0 0 -2.50692988237592 0 -1.92272253038548 -1.53283589110766 0 0 -0.33557656393512 0 0 -2.07427219259583 0 -2.50692988237592 0 0 0 0 0 0 0 -1.57378443399402 0 0 0 0 0 0 0 -0.350445787700713 0 0 0 0 0 0 0 0 -0.743012187612649 0 -0.454153807945788 0 0
0 1 0.822910945267545 0 0 0 0 0 0 0 0 0 0 0 0 0 0 0 0 0 0 0 -0.000330770404190975 0 0 0 0 0 0.348654697260171 0 -0.241719560407147 0 0 0 0.0109386417049915 0 0 0 -0.705711520888718 0 -0.454153807945788 0 0
0 0 -2.06833266629035 0 0 0 -1.03553004235056 0 0 0 0 0 0 0 0 -1.48422806567622 0 0 0 0 -0.0326327543360486 0 0 -0.494111775313134 0 0 -0.516674648099823 0 0 0 0 0 0 0 0 0 0 0 -0.317784586959825 0 -0.454153807945788 0 0
0 0 -0.876316919505665 0 0 0 0 0 0 0 -0.295864801474245 0 0 0 0 0 0 0 0.244222559605887 0 0 0 0 0 0 0 0 0.0729614320067025 0 0 0 -0.221877780899233 0 0 0 0 0 0 0.281512791738013 0 -0.454153807945788 0 0
0 0 -0.470009069021493 0 0 0 0 0 0 0 0 0 0 0 0 0 0 -0.383278407324428 0 0 0 0 0 0 0 -0.103205822454479 0 0 0 0 0 0 0 -0.333043274467141 0 0 0 0 0.157177235991574 0 -0.454153807945788 0 0
1 0 -2.10869437329209 -0.192661334555045 0 0 0 -1.38812081801107 0 0.0221691113141187 0 0 -2.10869437329209 0 -1.97488545426108 0 -0.0053016566656132 0 0 0.587446296205635 0 0 0 0 -1.09284387793415 0 0 0 0 0 0 0 -0.91809081839874 0 0 0 0 0 0.26659252504844 0 -0.454153807945788 0 0
0 0 -1.94186598435157 0 0 0 0 0 0 0 0 0 0 0 0 0 0 0 0 0 0 0 0 0 0 0 0 0 0 0 0 0 0 0 0 0 0 0 0.0676556358541374 0 -0.454153807945788 0 0
0 0 1.40277413585919 0 2.33892944390859 3.55534341422427 0 0 1.92915516266971 0 0 1.84929642606759 0 1.40277413585919 0 0 0 0 0 0 0 0.58920268289762 0 0 0 0 0 0 0 -0.0538140805654425 0 0 0 0 0 0 0 0 -0.725605209808147 0 -0.454153807945788 0 0
0 1 -0.194204071176276 0 0 0 0 0 0 0 0 0 0 0 0 0 0 0 0 0 0 0 0.22907560583914 0 0 0 0 0 0.21534463912083 0 0.34551272980487 0 0 0 0.42901432225341 0 0 0 -0.156148364489454 0 -0.454153807945788 0 0
0 0 -0.391976435484797 0 0 0 1.48391327202152 0 0 0 0 0 0 0 0 -0.140722468397841 0 0 0 0 1.66566852208132 0 0 0.627962397062517 0 0 -0.0270211115978035 0 0 0 0 0 0 0 0 0 0 0 -0.0318128087430148 0 -0.454153807945788 0 0
0 0 1.69875998720528 0 0 0 0 0 0 0 0.0810033783897143 0 0 0 0 0 0 0 -0.36373077207623 0 0 0 0 0 0 0 0 1.030564109424 0 0 0 0.444270382389909 0 0 0 0 0 0 0.0626822136242791 0 -0.454153807945788 0 0
0 0 0.498671899020242 0 0 0 0 0 0 0 0 0 0 0 0 0 0 -0.124959763229878 0 0 0 0 0 0 0 -0.0646475613701515 0 0 0 0 0 0 0 -0.131335300219426 0 0 0 0 1.04244639290622 0 -0.454153807945788 0 0
1 0 -1.1642304294514 -0.0176652167566546 0 0 0 -0.489714843820719 0 -0.9882717540157 0 0 -1.1642304294514 0 -1.08043237092699 0 -0.699928699801472 0 0 -0.497419139893855 0 0 0 0 -0.403686898106043 0 0 0 0 0 0 0 -0.159263332130541 0 0 0 0 0 0.96535834834343 0 -0.454153807945788 0 0
0 0 -1.27858859928966 0 0 0 0 0 0 0 0 0 0 0 0 0 0 0 0 0 0 0 0 0 0 0 0 0 0 0 0 0 0 0 0 0 0 0 -0.531641742843701 0 -0.454153807945788 0 0
0 0 1.34895852652354 0 2.64518701575189 1.34695281509836 0 0 -0.0493384954221666 0 0 1.21415587735594 0 1.34895852652354 0 0 0 0 0 0 0 0.883035054641405 0 0 0 0 0 0 0 -0.171006014106294 0 0 0 0 0 0 0 0 -1.44426472202257 0 -0.454153807945788 0 0
0 1 -1.33374959885871 0 0 0 0 0 0 0 0 0 0 0 0 0 0 0 0 0 0 0 -0.874442032560219 0 0 0 0 0 -0.727610536356779 0 -0.610448099177795 0 0 0 -0.430145364065574 0 0 0 0.482936392047245 0 -0.454153807945788 0 0
0 0 1.1861663082832 0 0 0 0.145575078981609 0 0 0 0 0 0 0 0 1.62814394159819 0 0 0 0 0.548980928800651 0 0 0.285182333505011 0 0 0.392063488433657 0 0 0 0 0 0 0 0 0 0 0 0.836049370367134 0 -0.454153807945788 0 0
0 0 1.45928052566163 0 0 0 0 0 0 0 1.0983364778816 0 0 0 0 0 0 0 0.341705487483395 0 0 0 0 0 0 0 0 0.588826287769215 0 0 0 0.471949944266228 0 0 0 0 0 0 0.96784505945836 0 -0.454153807945788 0 0
0 0 0.465037143185459 0 0 0 0 0 0 0 0 0 0 0 0 0 0 0.736760069293127 0 0 0 0 0 0 0 0.381002489781737 0 0 0 0 0 0 0 0.387281109587434 0 0 0 0 0.400874925254595 0 -0.454153807945788 0 0
1 0 0.24783456064853 -1.53779700077041 0 0 0 -0.0493384954221666 0 0.0221691113141187 0 0 0.24783456064853 0 0.256268279039089 0 -1.19632950980063 0 0 0.587446296205635 0 0 0 0 0.510143620886704 0 0 0 0 0 0 0 0.387281109587434 0 0 0 0 0 -0.638570320785639 0 -0.454153807945788 0 0
0 0 0.24783456064853 0 0 0 0 0 0 0 0 0 0 0 0 0 0 0 0 0 0 0 0 0 0 0 0 0 0 0 0 0 0 0 0 0 0 0 -0.484394231660055 0 -0.454153807945788 0 0
0 0 0.24783456064853 0 -0.0683290635760459 -0.0527014858776145 0 0 -0.0493384954221666 0 0 0.114245088307253 0 0.24783456064853 0 0 0 0 0 0 0 0.739695780881779 0 0 0 0 0 0 0 0.400135694415616 0 0 0 0 0 0 0 0 -0.156148364489454 0 -0.454153807945788 0 0
0 1 0.24783456064853 0 0 0 0 0 0 0 0 0 0 0 0 0 0 0 0 0 0 0 0.739695780881779 0 0 0 0 0 0.407374947090119 0 0.400135694415616 0 0 0 0.387281109587434 0 0 0 1.18667563757209 0 -0.454153807945788 0 0
0 0 2.63784237011241 0 0 0 1.79961747111974 0 0 0 0 0 0 0 0 2.40846785677021 0 0 0 0 3.05153931479413 0 0 0.735292482021132 0 0 0.812927137283703 0 0 0 0 0 0 0 0 0 0 0 -1.12845241042661 0 -0.454153807945788 0 0
0 0 1.12965991848076 0 0 0 0 0 0 0 0.369140965290331 0 0 0 0 0 0 0 0.447867201206112 0 0 0 0 0 0 0 0 0.762105642699444 0 0 0 -0.30695392081352 0 0 0 0 0 0 -0.076573608811733 0 -0.454153807945788 0 0
0 0 1.52251386663102 0 0 0 0 0 0 0 0 0 0 0 0 0 0 -0.962598186706858 0 0 0 0 0 0 0 1.45962668138326 0 0 0 0 0 0 0 -0.783519447553011 0 0 0 0 0.0154347024406326 0 -0.454153807945788 0 0
1 0 -1.63915318183853 -0.112114215763396 0 0 0 -0.824415108715162 0 1.52222775061295 0 0 -1.63915318183853 0 -1.55904323130751 0 -0.567025629289059 0 0 -0.162716065580614 0 0 0 0 -0.919475577163193 0 0 0 0 0 0 0 -0.603080508283867 0 0 0 0 0 0.226805147209579 0 -0.454153807945788 0 0
0 0 -1.69162340094079 0 0 0 0 0 0 0 0 0 0 0 0 0 0 0 0 0 0 0 0 0 0 0 0 0 0 0 0 0 0 0 0 0 0 0 -0.0467330754325872 0 -0.454153807945788 0 0
0 0 0.0937094387694614 0 2.2506857367673 1.04736953275045 0 0 0.911842515424761 0 0 0.37174618011433 0 0.0937094387694614 0 0 0 0 0 0 0 0.435790505766703 0 0 0 0 0 0 0 -0.0703581731663464 0 0 0 0 0 0 0 0 0.497856658736818 0 -0.454153807945788 0 0
0 1 0.78658540896598 0 0 0 0 0 0 0 0 0 0 0 0 0 0 0 0 0 0 0 -0.21007120050719 0 0 0 0 0 0.317817851071355 0 0.142778431177071 0 0 0 0.0791188192531232 0 0 0 1.0747736374003 0 -0.454153807945788 0 0
0 0 -1.13732262478358 0 0 0 -1.59760732231367 0 0 0 0 0 0 0 0 -1.06085028705048 0 0 0 0 -0.54910855251925 0 0 -0.795815780887148 0 0 -0.686633111902026 0 0 0 0 0 0 0 0 0 0 0 -1.08120489924296 0 -0.454153807945788 0 0
0 0 -1.13059567361662 0 0 0 0 0 0 0 0.0810033783897143 0 0 0 0 0 0 0 -1.50082704680568 0 0 0 0 0 0 0 0 -1.21791639075895 0 0 0 -0.774226668251625 0 0 0 0 0 0 -0.126307831110309 0 -0.454153807945788 0 0
0 0 -1.03238218657906 0 0 0 0 0 0 0 0 0 0 0 0 0 0 -0.876997883963423 0 0 0 0 0 0 0 -1.35821967110595 0 0 0 0 0 0 0 -0.882857767464611 0 0 0 0 -0.382439075947974 0 -0.454153807945788 0 0
1 0 -1.73871205910949 1.88523356323179 0 0 0 -0.767163747614797 0 0.851997420797661 0 0 -1.73871205910949 0 -1.11517929521691 0 -0.295502683175575 0 0 -0.393975025779233 0 0 0 0 -1.05306268692737 0 0 0 0 0 0 0 -0.610733385355596 0 0 0 0 0 0.0751157691989232 0 -0.454153807945788 0 0
0 0 -1.36065740352653 0 0 0 0 0 0 0 0 0 0 0 0 0 0 0 0 0 0 0 0 0 0 0 0 0 0 0 0 0 0 0 0 0 0 0 0.196964613830434 0 -0.454153807945788 0 0
0 0 2.31225793363171 0 4.54891522716766 5.21548476541705 0 0 -0.341081502502463 0 0 1.95959755189347 0 2.31225793363171 0 0 0 0 0 0 0 1.75278599389754 0 0 0 0 0 0 0 1.25339056055949 0 0 0 0 0 0 0 0 0.701766970160979 0 -0.454153807945788 0 0
0 1 -1.51537728036653 0 0 0 0 0 0 0 0 0 0 0 0 0 0 0 0 0 0 0 -0.623767958907208 0 0 0 0 0 -0.645418480938128 0 -0.37241235881295 0 0 0 -0.138839095270277 0 0 0 0.353627414070948 0 -0.454153807945788 0 0
0 0 1.33281384372285 0 0 0 1.29696686392806 0 0 0 0 0 0 0 0 0.583084975154347 0 0 0 0 1.22580982628194 0 0 1.16856935983999 0 0 0.18830309707833 0 0 0 0 0 0 0 0 0 0 0 0.584891547759326 0 -0.454153807945788 0 0
0 0 -0.268200534012798 0 0 0 0 0 0 0 0.0810033783897143 0 0 0 0 0 0 0 0.0514483164380467 0 0 0 0 0 0 0 0 -0.211271267575976 0 0 0 -0.168357335404089 0 0 0 0 0 0 0.654519458977332 0 -0.454153807945788 0 0
0 0 2.68627641851449 0 0 0 0 0 0 0 0 0 0 0 0 0 0 0.542388696278779 0 0 0 0 0 0 0 1.05332619891258 0 0 0 0 0 0 0 0.518314452759236 0 0 0 0 1.04741981513608 0 -0.454153807945788 0 0
1 0 0.794657750366328 1.63270676588745 0 0 0 0.0541730866327509 0 -0.103224010798068 0 0 0.794657750366328 0 0.0393152860288507 0 1.19440802355856 0 0 0.461016876729157 0 0 0 0 1.52199610742824 0 0 0 0 0 0 0 0.0221694872777887 0 0 0 0 0 -0.37000552037333 0 -0.454153807945788 0 0
0 0 -0.930132528841317 0 0 0 0 0 0 0 0 0 0 0 0 0 0 0 0 0 0 0 0 0 0 0 0 0 0 0 0 0 0 0 0 0 0 0 1.08223377074508 0 -0.454153807945788 0 0
0 0 -0.689307677064274 0 0.794664568936013 -1.1539163245016 0 0 0.820460535206871 0 0 -0.833081501983738 0 -0.689307677064274 0 0 0 0 0 0 0 1.40565089935711 0 0 0 0 0 0 0 0.779919656258705 0 0 0 0 0 0 0 0 1.23143643764081 0 -0.454153807945788 0 0
0 1 0.251120096076243 0 0 0 0 0 0 0 0 0 0 0 0 0 0 0 0 0 0 0 0.559036367324893 0 0 0 0 0 0.310938862306158 0 0.323435495865871 0 0 0 0.276801578937137 0 0 0 0.972818481688217 0 -0.454153807945788 0 0
0 0 0.160978950439026 0 0 0 0.936692660251267 0 0 0 0 0 0 0 0 0.682236679750537 0 0 0 0 0.739695780881779 0 0 -0.448863368182457 0 0 -0.0580358626684777 0 0 0 0 0 0 0 0 0 0 0 0.878323459320924 0 -0.454153807945788 0 0
0 0 -0.896497773006534 0 0 0 0 0 0 0 -1.28310309228884 0 0 0 0 0 0 0 -0.638734319514846 0 0 0 0 0 0 0 0 -0.987766775261267 0 0 0 0.387281109587434 0 0 0 0 0 0 0.714200525735623 0 -0.454153807945788 0 0
0 0 -1.8288532047467 0 0 0 0 0 0 0 0 0 0 0 0 0 0 -1.07460709348816 0 0 0 0 0 0 0 -1.2400270909538 0 0 0 0 0 0 0 -0.869589467606483 0 0 0 0 -0.434660009361479 0 -0.454153807945788 0 0
1 0 -1.8449978875474 -1.16099520473299 0 0 0 -1.2923348869393 0 2.44737474433236 0 0 -1.8449978875474 0 -1.73053611570616 0 -0.922428777499833 0 0 -0.138783656128672 0 0 0 0 -1.08435530553125 0 0 0 0 0 0 0 -0.895529739239227 0 0 0 0 0 0.291459636197728 0 -0.454153807945788 0 0
0 0 -1.82616242427992 0 0 0 0 0 0 0 0 0 0 0 0 0 0 0 0 0 0 0 0 0 0 0 0 0 0 0 0 0 0 0 0 0 0 0 0.376007814105307 0 -0.454153807945788 0 0
0 0 -0.503643824856275 0 1.64984990726116 0.114280099983036 0 0 0.265562727618715 0 0 -0.898534917308985 0 -0.503643824856275 0 0 0 0 0 0 0 -0.382793379051916 0 0 0 0 0 0 0 -0.284048091643573 0 0 0 0 0 0 0 0 0.114903147037784 0 -0.454153807945788 0 0
0 1 -1.14404957595053 0 0 0 0 0 0 0 0 0 0 0 0 0 0 0 0 0 0 0 -0.676714736977332 0 0 0 0 0 -0.612328172912437 0 -0.281668840868193 0 0 0 -0.298555633637401 0 0 0 0.296433058427586 0 -0.454153807945788 0 0
0 0 1.74853942584076 0 0 0 3.33852068476322 0 0 0 0 0 0 0 0 0.345120884123491 0 0 0 0 1.50166698933638 0 0 0.866074046669095 0 0 1.42865593339615 0 0 0 0 0 0 0 0 0 0 0 0 0 0 0 0
0 0 -0.593784970493492 0 0 0 0 0 0 0 0.193261061725183 0 0 0 0 0 0 0 -0.320862829871103 0 0 0 0 0 0 0 0 -0.124275780347145 0 0 0 -0.225902995462935 0 0 0 0 0 0 0 0 0 0 0
0 0 -0.26012819261245 0 0 0 0 0 0 0 0 0 0 0 0 0 0 -0.525085528240414 0 0 0 0 0 0 0 -0.304917322604584 0 0 0 0 0 0 0 -0.305264324576904 0 0 0 0 0 0 0 0 0
1 0 -1.12655950291645 -0.484939211842636 0 0 0 -0.478704966686034 0 -1.29760882931507 0 0 -1.12655950291645 0 -1.14095927130298 0 -0.827317330007127 0 0 -0.6585464973029 0 0 0 0 -0.548855873606368 0 0 0 0 0 0 0 -0.457178903851422 0 0 0 0 0 0 0 0 0 0
0 0 -1.65798864510601 0 0 0 0 0 0 0 0 0 0 0 0 0 0 0 0 0 0 0 0 0 0 0 0 0 0 0 0 0 0 0 0 0 0 0 0 0 0 0 0
0 0 -1.29473328209036 0 -0.412197896378689 -0.708685833739489 0 0 -0.171529394628305 0 0 -1.26822550386825 0 -1.29473328209036 0 0 0 0 0 0 0 -1.03773167585212 0 0 0 0 0 0 0 -0.753369139940787 0 0 0 0 0 0 0 0 0 0 0 0 0
0 1 -0.776758042234708 0 0 0 0 0 0 0 0 0 0 0 0 0 0 0 0 0 0 0 -0.629819019258079 0 0 0 0 0 -0.296606309240795 0 -0.123144341531772 0 0 0 -0.31932772854638 0 0 0 0 0 0 0 0
0 0 -0.739087115699752 0 0 0 0.169098136953633 0 0 0 0 0 0 0 0 -0.794132201686733 0 0 0 0 -0.258924614222313 0 0 -0.343187835471864 0 0 -0.128308291002605 0 0 0 0 0 0 0 0 0 0 0 0 0 0 0 0
0 0 0.269955559343721 0 0 0 0 0 0 0 -0.280459262475838 0 0 0 0 0 0 0 -0.359785869419317 0 0 0 0 0 0 0 0 -0.108205039352589 0 0 0 -0.103606044336148 0 0 0 0 0 0 0 0 0 0 0
0 0 -0.369104801517145 0 0 0 0 0 0 0 0 0 0 0 0 0 0 -0.69896746708745 0 0 0 0 0 0 0 -0.354625827099492 0 0 0 0 0 0 0 -0.0505328449036373 0 0 0 0 0 0 0 0 0
1 0 -0.907260894873664 -1.0476564059249 0 0 0 -0.879464494388591 0 -1.54966126104048 0 0 -0.907260894873664 0 -1.17122272149098 0 -1.03408354591281 0 0 -0.805209211636597 0 0 0 0 -0.628562129728449 0 0 0 0 0 0 0 -0.3938687389853 0 0 0 0 0 0 0 0 0 0
